rCut Vs Percentages	Au38_Au38_original_Au38_twist_[1,1,1]_axis_10_degrees_oneFace_rCut_2.884_4.0786-0.0005_CNA_tolerance_0
2.884	0.0
2.8845	0.0
2.885	63.1578947368
2.8855	63.1578947368
2.886	63.1578947368
2.8865	63.1578947368
2.887	63.1578947368
2.8875	63.1578947368
2.888	63.1578947368
2.8885	63.1578947368
2.889	63.1578947368
2.8895	63.1578947368
2.89	63.1578947368
2.8905	63.1578947368
2.891	63.1578947368
2.8915	63.1578947368
2.892	63.1578947368
2.8925	63.1578947368
2.893	63.1578947368
2.8935	63.1578947368
2.894	63.1578947368
2.8945	63.1578947368
2.895	63.1578947368
2.8955	63.1578947368
2.896	63.1578947368
2.8965	63.1578947368
2.897	63.1578947368
2.8975	63.1578947368
2.898	63.1578947368
2.8985	63.1578947368
2.899	63.1578947368
2.8995	63.1578947368
2.9	63.1578947368
2.9005	63.1578947368
2.901	63.1578947368
2.9015	63.1578947368
2.902	63.1578947368
2.9025	63.1578947368
2.903	63.1578947368
2.9035	63.1578947368
2.904	63.1578947368
2.9045	63.1578947368
2.905	63.1578947368
2.9055	63.1578947368
2.906	63.1578947368
2.9065	63.1578947368
2.907	63.1578947368
2.9075	63.1578947368
2.908	63.1578947368
2.9085	63.1578947368
2.909	63.1578947368
2.9095	63.1578947368
2.91	63.1578947368
2.9105	63.1578947368
2.911	63.1578947368
2.9115	63.1578947368
2.912	63.1578947368
2.9125	63.1578947368
2.913	63.1578947368
2.9135	63.1578947368
2.914	63.1578947368
2.9145	63.1578947368
2.915	63.1578947368
2.9155	63.1578947368
2.916	63.1578947368
2.9165	63.1578947368
2.917	63.1578947368
2.9175	63.1578947368
2.918	63.1578947368
2.9185	63.1578947368
2.919	63.1578947368
2.9195	63.1578947368
2.92	63.1578947368
2.9205	63.1578947368
2.921	63.1578947368
2.9215	63.1578947368
2.922	63.1578947368
2.9225	63.1578947368
2.923	63.1578947368
2.9235	63.1578947368
2.924	63.1578947368
2.9245	63.1578947368
2.925	63.1578947368
2.9255	63.1578947368
2.926	63.1578947368
2.9265	63.1578947368
2.927	63.1578947368
2.9275	63.1578947368
2.928	63.1578947368
2.9285	63.1578947368
2.929	63.1578947368
2.9295	63.1578947368
2.93	63.1578947368
2.9305	63.1578947368
2.931	63.1578947368
2.9315	63.1578947368
2.932	63.1578947368
2.9325	63.1578947368
2.933	63.1578947368
2.9335	63.1578947368
2.934	63.1578947368
2.9345	63.1578947368
2.935	63.1578947368
2.9355	63.1578947368
2.936	63.1578947368
2.9365	63.1578947368
2.937	63.1578947368
2.9375	63.1578947368
2.938	63.1578947368
2.9385	63.1578947368
2.939	63.1578947368
2.9395	63.1578947368
2.94	63.1578947368
2.9405	63.1578947368
2.941	63.1578947368
2.9415	63.1578947368
2.942	63.1578947368
2.9425	63.1578947368
2.943	63.1578947368
2.9435	63.1578947368
2.944	63.1578947368
2.9445	63.1578947368
2.945	63.1578947368
2.9455	63.1578947368
2.946	63.1578947368
2.9465	63.1578947368
2.947	63.1578947368
2.9475	63.1578947368
2.948	63.1578947368
2.9485	63.1578947368
2.949	63.1578947368
2.9495	63.1578947368
2.95	63.1578947368
2.9505	63.1578947368
2.951	63.1578947368
2.9515	63.1578947368
2.952	63.1578947368
2.9525	63.1578947368
2.953	63.1578947368
2.9535	63.1578947368
2.954	63.1578947368
2.9545	63.1578947368
2.955	63.1578947368
2.9555	63.1578947368
2.956	63.1578947368
2.9565	63.1578947368
2.957	63.1578947368
2.9575	63.1578947368
2.958	63.1578947368
2.9585	63.1578947368
2.959	63.1578947368
2.9595	63.1578947368
2.96	63.1578947368
2.9605	63.1578947368
2.961	63.1578947368
2.9615	63.1578947368
2.962	63.1578947368
2.9625	63.1578947368
2.963	63.1578947368
2.9635	63.1578947368
2.964	63.1578947368
2.9645	63.1578947368
2.965	63.1578947368
2.9655	63.1578947368
2.966	63.1578947368
2.9665	63.1578947368
2.967	63.1578947368
2.9675	63.1578947368
2.968	63.1578947368
2.9685	63.1578947368
2.969	63.1578947368
2.9695	63.1578947368
2.97	63.1578947368
2.9705	63.1578947368
2.971	63.1578947368
2.9715	63.1578947368
2.972	63.1578947368
2.9725	63.1578947368
2.973	63.1578947368
2.9735	63.1578947368
2.974	63.1578947368
2.9745	63.1578947368
2.975	63.1578947368
2.9755	63.1578947368
2.976	63.1578947368
2.9765	63.1578947368
2.977	63.1578947368
2.9775	63.1578947368
2.978	63.1578947368
2.9785	63.1578947368
2.979	63.1578947368
2.9795	63.1578947368
2.98	63.1578947368
2.9805	63.1578947368
2.981	63.1578947368
2.9815	63.1578947368
2.982	63.1578947368
2.9825	63.1578947368
2.983	63.1578947368
2.9835	63.1578947368
2.984	63.1578947368
2.9845	63.1578947368
2.985	63.1578947368
2.9855	63.1578947368
2.986	63.1578947368
2.9865	63.1578947368
2.987	63.1578947368
2.9875	63.1578947368
2.988	63.1578947368
2.9885	63.1578947368
2.989	63.1578947368
2.9895	63.1578947368
2.99	63.1578947368
2.9905	63.1578947368
2.991	63.1578947368
2.9915	63.1578947368
2.992	63.1578947368
2.9925	63.1578947368
2.993	63.1578947368
2.9935	63.1578947368
2.994	63.1578947368
2.9945	63.1578947368
2.995	63.1578947368
2.9955	63.1578947368
2.996	63.1578947368
2.9965	63.1578947368
2.997	63.1578947368
2.9975	63.1578947368
2.998	63.1578947368
2.9985	63.1578947368
2.999	63.1578947368
2.9995	63.1578947368
3.0	63.1578947368
3.0005	63.1578947368
3.001	63.1578947368
3.0015	63.1578947368
3.002	63.1578947368
3.0025	63.1578947368
3.003	63.1578947368
3.0035	63.1578947368
3.004	63.1578947368
3.0045	63.1578947368
3.005	63.1578947368
3.0055	63.1578947368
3.006	63.1578947368
3.0065	63.1578947368
3.007	63.1578947368
3.0075	63.1578947368
3.008	63.1578947368
3.0085	63.1578947368
3.009	63.1578947368
3.0095	63.1578947368
3.01	63.1578947368
3.0105	63.1578947368
3.011	63.1578947368
3.0115	63.1578947368
3.012	63.1578947368
3.0125	63.1578947368
3.013	63.1578947368
3.0135	63.1578947368
3.014	63.1578947368
3.0145	63.1578947368
3.015	63.1578947368
3.0155	63.1578947368
3.016	63.1578947368
3.0165	63.1578947368
3.017	63.1578947368
3.0175	63.1578947368
3.018	63.1578947368
3.0185	63.1578947368
3.019	63.1578947368
3.0195	63.1578947368
3.02	63.1578947368
3.0205	63.1578947368
3.021	63.1578947368
3.0215	63.1578947368
3.022	63.1578947368
3.0225	63.1578947368
3.023	63.1578947368
3.0235	63.1578947368
3.024	63.1578947368
3.0245	63.1578947368
3.025	63.1578947368
3.0255	63.1578947368
3.026	63.1578947368
3.0265	63.1578947368
3.027	63.1578947368
3.0275	63.1578947368
3.028	63.1578947368
3.0285	63.1578947368
3.029	63.1578947368
3.0295	63.1578947368
3.03	63.1578947368
3.0305	63.1578947368
3.031	63.1578947368
3.0315	63.1578947368
3.032	63.1578947368
3.0325	63.1578947368
3.033	63.1578947368
3.0335	63.1578947368
3.034	63.1578947368
3.0345	63.1578947368
3.035	63.1578947368
3.0355	63.1578947368
3.036	63.1578947368
3.0365	63.1578947368
3.037	63.1578947368
3.0375	63.1578947368
3.038	63.1578947368
3.0385	63.1578947368
3.039	63.1578947368
3.0395	63.1578947368
3.04	63.1578947368
3.0405	63.1578947368
3.041	63.1578947368
3.0415	63.1578947368
3.042	63.1578947368
3.0425	63.1578947368
3.043	63.1578947368
3.0435	63.1578947368
3.044	63.1578947368
3.0445	63.1578947368
3.045	63.1578947368
3.0455	63.1578947368
3.046	63.1578947368
3.0465	63.1578947368
3.047	74.0740740741
3.0475	74.0740740741
3.048	74.0740740741
3.0485	74.0740740741
3.049	74.0740740741
3.0495	74.0740740741
3.05	74.0740740741
3.0505	74.0740740741
3.051	74.0740740741
3.0515	74.0740740741
3.052	74.0740740741
3.0525	74.0740740741
3.053	74.0740740741
3.0535	74.0740740741
3.054	74.0740740741
3.0545	74.0740740741
3.055	74.0740740741
3.0555	74.0740740741
3.056	74.0740740741
3.0565	74.0740740741
3.057	74.0740740741
3.0575	74.0740740741
3.058	74.0740740741
3.0585	74.0740740741
3.059	74.0740740741
3.0595	74.0740740741
3.06	74.0740740741
3.0605	74.0740740741
3.061	74.0740740741
3.0615	74.0740740741
3.062	74.0740740741
3.0625	74.0740740741
3.063	74.0740740741
3.0635	74.0740740741
3.064	74.0740740741
3.0645	74.0740740741
3.065	74.0740740741
3.0655	74.0740740741
3.066	74.0740740741
3.0665	74.0740740741
3.067	74.0740740741
3.0675	74.0740740741
3.068	74.0740740741
3.0685	74.0740740741
3.069	74.0740740741
3.0695	74.0740740741
3.07	74.0740740741
3.0705	74.0740740741
3.071	74.0740740741
3.0715	74.0740740741
3.072	74.0740740741
3.0725	74.0740740741
3.073	74.0740740741
3.0735	74.0740740741
3.074	74.0740740741
3.0745	74.0740740741
3.075	74.0740740741
3.0755	74.0740740741
3.076	74.0740740741
3.0765	74.0740740741
3.077	74.0740740741
3.0775	74.0740740741
3.078	74.0740740741
3.0785	74.0740740741
3.079	74.0740740741
3.0795	74.0740740741
3.08	74.0740740741
3.0805	74.0740740741
3.081	74.0740740741
3.0815	74.0740740741
3.082	74.0740740741
3.0825	74.0740740741
3.083	74.0740740741
3.0835	74.0740740741
3.084	74.0740740741
3.0845	74.0740740741
3.085	74.0740740741
3.0855	74.0740740741
3.086	74.0740740741
3.0865	74.0740740741
3.087	74.0740740741
3.0875	74.0740740741
3.088	74.0740740741
3.0885	86.2745098039
3.089	86.2745098039
3.0895	86.2745098039
3.09	86.2745098039
3.0905	86.2745098039
3.091	86.2745098039
3.0915	86.2745098039
3.092	86.2745098039
3.0925	86.2745098039
3.093	86.2745098039
3.0935	86.2745098039
3.094	86.2745098039
3.0945	86.2745098039
3.095	86.2745098039
3.0955	86.2745098039
3.096	86.2745098039
3.0965	86.2745098039
3.097	86.2745098039
3.0975	86.2745098039
3.098	86.2745098039
3.0985	86.2745098039
3.099	86.2745098039
3.0995	86.2745098039
3.1	86.2745098039
3.1005	86.2745098039
3.101	86.2745098039
3.1015	86.2745098039
3.102	86.2745098039
3.1025	86.2745098039
3.103	86.2745098039
3.1035	86.2745098039
3.104	86.2745098039
3.1045	86.2745098039
3.105	86.2745098039
3.1055	86.2745098039
3.106	86.2745098039
3.1065	86.2745098039
3.107	86.2745098039
3.1075	86.2745098039
3.108	86.2745098039
3.1085	86.2745098039
3.109	86.2745098039
3.1095	86.2745098039
3.11	86.2745098039
3.1105	86.2745098039
3.111	86.2745098039
3.1115	86.2745098039
3.112	86.2745098039
3.1125	86.2745098039
3.113	86.2745098039
3.1135	86.2745098039
3.114	86.2745098039
3.1145	86.2745098039
3.115	86.2745098039
3.1155	86.2745098039
3.116	86.2745098039
3.1165	86.2745098039
3.117	86.2745098039
3.1175	86.2745098039
3.118	86.2745098039
3.1185	86.2745098039
3.119	86.2745098039
3.1195	86.2745098039
3.12	86.2745098039
3.1205	86.2745098039
3.121	86.2745098039
3.1215	86.2745098039
3.122	86.2745098039
3.1225	86.2745098039
3.123	86.2745098039
3.1235	86.2745098039
3.124	86.2745098039
3.1245	86.2745098039
3.125	86.2745098039
3.1255	86.2745098039
3.126	86.2745098039
3.1265	86.2745098039
3.127	86.2745098039
3.1275	86.2745098039
3.128	86.2745098039
3.1285	86.2745098039
3.129	86.2745098039
3.1295	86.2745098039
3.13	86.2745098039
3.1305	86.2745098039
3.131	86.2745098039
3.1315	86.2745098039
3.132	86.2745098039
3.1325	86.2745098039
3.133	86.2745098039
3.1335	86.2745098039
3.134	86.2745098039
3.1345	86.2745098039
3.135	86.2745098039
3.1355	86.2745098039
3.136	86.2745098039
3.1365	86.2745098039
3.137	86.2745098039
3.1375	86.2745098039
3.138	86.2745098039
3.1385	86.2745098039
3.139	86.2745098039
3.1395	86.2745098039
3.14	86.2745098039
3.1405	86.2745098039
3.141	86.2745098039
3.1415	86.2745098039
3.142	86.2745098039
3.1425	86.2745098039
3.143	86.2745098039
3.1435	86.2745098039
3.144	86.2745098039
3.1445	86.2745098039
3.145	86.2745098039
3.1455	86.2745098039
3.146	86.2745098039
3.1465	86.2745098039
3.147	86.2745098039
3.1475	86.2745098039
3.148	86.2745098039
3.1485	86.2745098039
3.149	86.2745098039
3.1495	86.2745098039
3.15	86.2745098039
3.1505	86.2745098039
3.151	86.2745098039
3.1515	86.2745098039
3.152	86.2745098039
3.1525	86.2745098039
3.153	86.2745098039
3.1535	86.2745098039
3.154	86.2745098039
3.1545	86.2745098039
3.155	86.2745098039
3.1555	86.2745098039
3.156	86.2745098039
3.1565	86.2745098039
3.157	86.2745098039
3.1575	86.2745098039
3.158	86.2745098039
3.1585	86.2745098039
3.159	86.2745098039
3.1595	86.2745098039
3.16	86.2745098039
3.1605	86.2745098039
3.161	86.2745098039
3.1615	86.2745098039
3.162	86.2745098039
3.1625	86.2745098039
3.163	86.2745098039
3.1635	86.2745098039
3.164	86.2745098039
3.1645	86.2745098039
3.165	86.2745098039
3.1655	86.2745098039
3.166	86.2745098039
3.1665	86.2745098039
3.167	86.2745098039
3.1675	86.2745098039
3.168	86.2745098039
3.1685	86.2745098039
3.169	86.2745098039
3.1695	86.2745098039
3.17	86.2745098039
3.1705	86.2745098039
3.171	86.2745098039
3.1715	86.2745098039
3.172	86.2745098039
3.1725	86.2745098039
3.173	86.2745098039
3.1735	86.2745098039
3.174	86.2745098039
3.1745	86.2745098039
3.175	86.2745098039
3.1755	86.2745098039
3.176	86.2745098039
3.1765	86.2745098039
3.177	86.2745098039
3.1775	86.2745098039
3.178	86.2745098039
3.1785	86.2745098039
3.179	86.2745098039
3.1795	86.2745098039
3.18	86.2745098039
3.1805	86.2745098039
3.181	86.2745098039
3.1815	86.2745098039
3.182	86.2745098039
3.1825	86.2745098039
3.183	86.2745098039
3.1835	86.2745098039
3.184	86.2745098039
3.1845	86.2745098039
3.185	86.2745098039
3.1855	86.2745098039
3.186	86.2745098039
3.1865	86.2745098039
3.187	86.2745098039
3.1875	86.2745098039
3.188	86.2745098039
3.1885	86.2745098039
3.189	86.2745098039
3.1895	86.2745098039
3.19	86.2745098039
3.1905	86.2745098039
3.191	86.2745098039
3.1915	86.2745098039
3.192	86.2745098039
3.1925	86.2745098039
3.193	86.2745098039
3.1935	86.2745098039
3.194	86.2745098039
3.1945	86.2745098039
3.195	86.2745098039
3.1955	86.2745098039
3.196	86.2745098039
3.1965	86.2745098039
3.197	86.2745098039
3.1975	86.2745098039
3.198	86.2745098039
3.1985	86.2745098039
3.199	86.2745098039
3.1995	86.2745098039
3.2	86.2745098039
3.2005	86.2745098039
3.201	100.0
3.2015	100.0
3.202	100.0
3.2025	100.0
3.203	100.0
3.2035	100.0
3.204	100.0
3.2045	100.0
3.205	100.0
3.2055	100.0
3.206	100.0
3.2065	100.0
3.207	100.0
3.2075	100.0
3.208	100.0
3.2085	100.0
3.209	100.0
3.2095	100.0
3.21	100.0
3.2105	100.0
3.211	100.0
3.2115	100.0
3.212	100.0
3.2125	100.0
3.213	100.0
3.2135	100.0
3.214	100.0
3.2145	100.0
3.215	100.0
3.2155	100.0
3.216	100.0
3.2165	100.0
3.217	100.0
3.2175	100.0
3.218	100.0
3.2185	100.0
3.219	100.0
3.2195	100.0
3.22	100.0
3.2205	100.0
3.221	100.0
3.2215	100.0
3.222	100.0
3.2225	100.0
3.223	100.0
3.2235	100.0
3.224	100.0
3.2245	100.0
3.225	100.0
3.2255	100.0
3.226	100.0
3.2265	100.0
3.227	100.0
3.2275	100.0
3.228	100.0
3.2285	100.0
3.229	100.0
3.2295	100.0
3.23	100.0
3.2305	100.0
3.231	100.0
3.2315	100.0
3.232	100.0
3.2325	100.0
3.233	100.0
3.2335	100.0
3.234	100.0
3.2345	100.0
3.235	100.0
3.2355	100.0
3.236	100.0
3.2365	100.0
3.237	100.0
3.2375	100.0
3.238	100.0
3.2385	100.0
3.239	100.0
3.2395	100.0
3.24	100.0
3.2405	100.0
3.241	100.0
3.2415	100.0
3.242	100.0
3.2425	100.0
3.243	100.0
3.2435	100.0
3.244	100.0
3.2445	100.0
3.245	100.0
3.2455	100.0
3.246	100.0
3.2465	100.0
3.247	100.0
3.2475	100.0
3.248	100.0
3.2485	100.0
3.249	100.0
3.2495	100.0
3.25	100.0
3.2505	100.0
3.251	100.0
3.2515	100.0
3.252	100.0
3.2525	100.0
3.253	100.0
3.2535	100.0
3.254	100.0
3.2545	100.0
3.255	100.0
3.2555	100.0
3.256	100.0
3.2565	100.0
3.257	100.0
3.2575	100.0
3.258	100.0
3.2585	100.0
3.259	100.0
3.2595	100.0
3.26	100.0
3.2605	100.0
3.261	100.0
3.2615	100.0
3.262	100.0
3.2625	100.0
3.263	100.0
3.2635	100.0
3.264	100.0
3.2645	100.0
3.265	100.0
3.2655	100.0
3.266	100.0
3.2665	100.0
3.267	100.0
3.2675	100.0
3.268	100.0
3.2685	100.0
3.269	100.0
3.2695	100.0
3.27	100.0
3.2705	100.0
3.271	100.0
3.2715	100.0
3.272	100.0
3.2725	100.0
3.273	100.0
3.2735	100.0
3.274	100.0
3.2745	100.0
3.275	100.0
3.2755	100.0
3.276	100.0
3.2765	100.0
3.277	100.0
3.2775	100.0
3.278	100.0
3.2785	100.0
3.279	100.0
3.2795	100.0
3.28	100.0
3.2805	100.0
3.281	100.0
3.2815	100.0
3.282	100.0
3.2825	100.0
3.283	100.0
3.2835	100.0
3.284	100.0
3.2845	100.0
3.285	100.0
3.2855	100.0
3.286	100.0
3.2865	100.0
3.287	100.0
3.2875	100.0
3.288	100.0
3.2885	100.0
3.289	100.0
3.2895	100.0
3.29	100.0
3.2905	100.0
3.291	100.0
3.2915	100.0
3.292	100.0
3.2925	100.0
3.293	100.0
3.2935	100.0
3.294	100.0
3.2945	100.0
3.295	100.0
3.2955	100.0
3.296	100.0
3.2965	100.0
3.297	100.0
3.2975	100.0
3.298	100.0
3.2985	100.0
3.299	100.0
3.2995	100.0
3.3	100.0
3.3005	100.0
3.301	100.0
3.3015	100.0
3.302	100.0
3.3025	100.0
3.303	100.0
3.3035	100.0
3.304	100.0
3.3045	100.0
3.305	100.0
3.3055	100.0
3.306	100.0
3.3065	100.0
3.307	100.0
3.3075	100.0
3.308	100.0
3.3085	100.0
3.309	100.0
3.3095	100.0
3.31	100.0
3.3105	100.0
3.311	100.0
3.3115	100.0
3.312	100.0
3.3125	100.0
3.313	100.0
3.3135	100.0
3.314	100.0
3.3145	100.0
3.315	100.0
3.3155	100.0
3.316	100.0
3.3165	100.0
3.317	100.0
3.3175	100.0
3.318	100.0
3.3185	100.0
3.319	100.0
3.3195	100.0
3.32	100.0
3.3205	100.0
3.321	100.0
3.3215	100.0
3.322	100.0
3.3225	100.0
3.323	100.0
3.3235	100.0
3.324	100.0
3.3245	100.0
3.325	100.0
3.3255	100.0
3.326	100.0
3.3265	100.0
3.327	100.0
3.3275	100.0
3.328	100.0
3.3285	100.0
3.329	100.0
3.3295	100.0
3.33	100.0
3.3305	100.0
3.331	100.0
3.3315	100.0
3.332	100.0
3.3325	100.0
3.333	100.0
3.3335	100.0
3.334	100.0
3.3345	100.0
3.335	100.0
3.3355	100.0
3.336	100.0
3.3365	100.0
3.337	100.0
3.3375	100.0
3.338	100.0
3.3385	100.0
3.339	100.0
3.3395	100.0
3.34	100.0
3.3405	100.0
3.341	100.0
3.3415	100.0
3.342	100.0
3.3425	100.0
3.343	100.0
3.3435	100.0
3.344	100.0
3.3445	100.0
3.345	100.0
3.3455	100.0
3.346	100.0
3.3465	100.0
3.347	100.0
3.3475	100.0
3.348	100.0
3.3485	100.0
3.349	100.0
3.3495	100.0
3.35	100.0
3.3505	100.0
3.351	100.0
3.3515	100.0
3.352	100.0
3.3525	100.0
3.353	100.0
3.3535	100.0
3.354	100.0
3.3545	100.0
3.355	100.0
3.3555	100.0
3.356	100.0
3.3565	100.0
3.357	100.0
3.3575	100.0
3.358	100.0
3.3585	100.0
3.359	100.0
3.3595	100.0
3.36	100.0
3.3605	100.0
3.361	100.0
3.3615	100.0
3.362	100.0
3.3625	100.0
3.363	100.0
3.3635	100.0
3.364	100.0
3.3645	100.0
3.365	100.0
3.3655	100.0
3.366	100.0
3.3665	100.0
3.367	100.0
3.3675	100.0
3.368	100.0
3.3685	100.0
3.369	100.0
3.3695	100.0
3.37	100.0
3.3705	100.0
3.371	100.0
3.3715	100.0
3.372	100.0
3.3725	100.0
3.373	100.0
3.3735	100.0
3.374	100.0
3.3745	100.0
3.375	100.0
3.3755	100.0
3.376	100.0
3.3765	100.0
3.377	100.0
3.3775	100.0
3.378	100.0
3.3785	100.0
3.379	100.0
3.3795	100.0
3.38	100.0
3.3805	100.0
3.381	100.0
3.3815	100.0
3.382	100.0
3.3825	100.0
3.383	100.0
3.3835	100.0
3.384	100.0
3.3845	100.0
3.385	100.0
3.3855	100.0
3.386	100.0
3.3865	100.0
3.387	100.0
3.3875	100.0
3.388	100.0
3.3885	100.0
3.389	100.0
3.3895	100.0
3.39	100.0
3.3905	100.0
3.391	100.0
3.3915	100.0
3.392	100.0
3.3925	100.0
3.393	100.0
3.3935	100.0
3.394	100.0
3.3945	100.0
3.395	100.0
3.3955	100.0
3.396	100.0
3.3965	100.0
3.397	100.0
3.3975	100.0
3.398	100.0
3.3985	100.0
3.399	100.0
3.3995	100.0
3.4	100.0
3.4005	100.0
3.401	100.0
3.4015	100.0
3.402	100.0
3.4025	100.0
3.403	100.0
3.4035	100.0
3.404	100.0
3.4045	100.0
3.405	100.0
3.4055	100.0
3.406	100.0
3.4065	100.0
3.407	100.0
3.4075	100.0
3.408	100.0
3.4085	100.0
3.409	100.0
3.4095	100.0
3.41	100.0
3.4105	100.0
3.411	100.0
3.4115	100.0
3.412	100.0
3.4125	100.0
3.413	100.0
3.4135	100.0
3.414	100.0
3.4145	100.0
3.415	100.0
3.4155	100.0
3.416	100.0
3.4165	100.0
3.417	100.0
3.4175	100.0
3.418	100.0
3.4185	100.0
3.419	100.0
3.4195	100.0
3.42	100.0
3.4205	100.0
3.421	100.0
3.4215	100.0
3.422	100.0
3.4225	100.0
3.423	100.0
3.4235	100.0
3.424	100.0
3.4245	100.0
3.425	100.0
3.4255	100.0
3.426	100.0
3.4265	100.0
3.427	100.0
3.4275	100.0
3.428	100.0
3.4285	100.0
3.429	100.0
3.4295	100.0
3.43	100.0
3.4305	100.0
3.431	100.0
3.4315	100.0
3.432	100.0
3.4325	100.0
3.433	100.0
3.4335	100.0
3.434	100.0
3.4345	100.0
3.435	100.0
3.4355	100.0
3.436	100.0
3.4365	100.0
3.437	100.0
3.4375	100.0
3.438	100.0
3.4385	100.0
3.439	100.0
3.4395	100.0
3.44	100.0
3.4405	100.0
3.441	100.0
3.4415	100.0
3.442	100.0
3.4425	100.0
3.443	100.0
3.4435	100.0
3.444	100.0
3.4445	100.0
3.445	100.0
3.4455	100.0
3.446	100.0
3.4465	100.0
3.447	100.0
3.4475	100.0
3.448	100.0
3.4485	100.0
3.449	100.0
3.4495	100.0
3.45	100.0
3.4505	100.0
3.451	100.0
3.4515	100.0
3.452	100.0
3.4525	100.0
3.453	100.0
3.4535	100.0
3.454	100.0
3.4545	100.0
3.455	100.0
3.4555	100.0
3.456	100.0
3.4565	100.0
3.457	100.0
3.4575	100.0
3.458	100.0
3.4585	100.0
3.459	100.0
3.4595	100.0
3.46	100.0
3.4605	100.0
3.461	100.0
3.4615	100.0
3.462	100.0
3.4625	100.0
3.463	100.0
3.4635	100.0
3.464	100.0
3.4645	100.0
3.465	100.0
3.4655	100.0
3.466	100.0
3.4665	100.0
3.467	100.0
3.4675	100.0
3.468	100.0
3.4685	100.0
3.469	100.0
3.4695	100.0
3.47	100.0
3.4705	100.0
3.471	100.0
3.4715	100.0
3.472	100.0
3.4725	100.0
3.473	100.0
3.4735	100.0
3.474	100.0
3.4745	100.0
3.475	100.0
3.4755	100.0
3.476	100.0
3.4765	100.0
3.477	100.0
3.4775	100.0
3.478	100.0
3.4785	100.0
3.479	100.0
3.4795	100.0
3.48	100.0
3.4805	100.0
3.481	100.0
3.4815	100.0
3.482	100.0
3.4825	100.0
3.483	100.0
3.4835	100.0
3.484	100.0
3.4845	100.0
3.485	100.0
3.4855	100.0
3.486	100.0
3.4865	100.0
3.487	100.0
3.4875	100.0
3.488	100.0
3.4885	100.0
3.489	100.0
3.4895	100.0
3.49	100.0
3.4905	100.0
3.491	100.0
3.4915	100.0
3.492	100.0
3.4925	100.0
3.493	100.0
3.4935	100.0
3.494	100.0
3.4945	100.0
3.495	100.0
3.4955	100.0
3.496	100.0
3.4965	100.0
3.497	100.0
3.4975	100.0
3.498	100.0
3.4985	100.0
3.499	100.0
3.4995	100.0
3.5	100.0
3.5005	100.0
3.501	100.0
3.5015	100.0
3.502	100.0
3.5025	100.0
3.503	100.0
3.5035	100.0
3.504	100.0
3.5045	100.0
3.505	100.0
3.5055	100.0
3.506	100.0
3.5065	100.0
3.507	100.0
3.5075	100.0
3.508	100.0
3.5085	100.0
3.509	100.0
3.5095	100.0
3.51	100.0
3.5105	100.0
3.511	100.0
3.5115	100.0
3.512	100.0
3.5125	100.0
3.513	100.0
3.5135	100.0
3.514	100.0
3.5145	100.0
3.515	100.0
3.5155	100.0
3.516	100.0
3.5165	100.0
3.517	100.0
3.5175	100.0
3.518	100.0
3.5185	100.0
3.519	100.0
3.5195	100.0
3.52	100.0
3.5205	100.0
3.521	100.0
3.5215	100.0
3.522	100.0
3.5225	100.0
3.523	100.0
3.5235	100.0
3.524	100.0
3.5245	100.0
3.525	100.0
3.5255	100.0
3.526	100.0
3.5265	100.0
3.527	100.0
3.5275	100.0
3.528	100.0
3.5285	100.0
3.529	100.0
3.5295	100.0
3.53	100.0
3.5305	100.0
3.531	100.0
3.5315	100.0
3.532	100.0
3.5325	100.0
3.533	100.0
3.5335	100.0
3.534	100.0
3.5345	100.0
3.535	100.0
3.5355	100.0
3.536	100.0
3.5365	100.0
3.537	100.0
3.5375	100.0
3.538	100.0
3.5385	100.0
3.539	100.0
3.5395	100.0
3.54	100.0
3.5405	100.0
3.541	100.0
3.5415	100.0
3.542	100.0
3.5425	100.0
3.543	100.0
3.5435	100.0
3.544	100.0
3.5445	100.0
3.545	100.0
3.5455	100.0
3.546	100.0
3.5465	100.0
3.547	100.0
3.5475	100.0
3.548	100.0
3.5485	100.0
3.549	100.0
3.5495	100.0
3.55	100.0
3.5505	100.0
3.551	100.0
3.5515	100.0
3.552	100.0
3.5525	100.0
3.553	100.0
3.5535	100.0
3.554	100.0
3.5545	100.0
3.555	100.0
3.5555	100.0
3.556	100.0
3.5565	100.0
3.557	100.0
3.5575	100.0
3.558	100.0
3.5585	100.0
3.559	100.0
3.5595	100.0
3.56	100.0
3.5605	100.0
3.561	100.0
3.5615	100.0
3.562	100.0
3.5625	100.0
3.563	100.0
3.5635	100.0
3.564	100.0
3.5645	100.0
3.565	100.0
3.5655	100.0
3.566	100.0
3.5665	100.0
3.567	100.0
3.5675	100.0
3.568	100.0
3.5685	100.0
3.569	100.0
3.5695	100.0
3.57	100.0
3.5705	100.0
3.571	100.0
3.5715	100.0
3.572	100.0
3.5725	100.0
3.573	100.0
3.5735	100.0
3.574	100.0
3.5745	100.0
3.575	100.0
3.5755	100.0
3.576	100.0
3.5765	100.0
3.577	100.0
3.5775	100.0
3.578	100.0
3.5785	100.0
3.579	100.0
3.5795	100.0
3.58	100.0
3.5805	100.0
3.581	100.0
3.5815	100.0
3.582	100.0
3.5825	100.0
3.583	100.0
3.5835	100.0
3.584	100.0
3.5845	100.0
3.585	100.0
3.5855	100.0
3.586	100.0
3.5865	100.0
3.587	100.0
3.5875	100.0
3.588	100.0
3.5885	100.0
3.589	100.0
3.5895	100.0
3.59	100.0
3.5905	100.0
3.591	100.0
3.5915	100.0
3.592	100.0
3.5925	100.0
3.593	100.0
3.5935	100.0
3.594	100.0
3.5945	100.0
3.595	100.0
3.5955	100.0
3.596	100.0
3.5965	100.0
3.597	100.0
3.5975	100.0
3.598	100.0
3.5985	100.0
3.599	100.0
3.5995	100.0
3.6	100.0
3.6005	100.0
3.601	100.0
3.6015	100.0
3.602	100.0
3.6025	100.0
3.603	100.0
3.6035	100.0
3.604	100.0
3.6045	100.0
3.605	100.0
3.6055	100.0
3.606	100.0
3.6065	100.0
3.607	100.0
3.6075	100.0
3.608	100.0
3.6085	100.0
3.609	100.0
3.6095	100.0
3.61	100.0
3.6105	100.0
3.611	100.0
3.6115	100.0
3.612	100.0
3.6125	100.0
3.613	100.0
3.6135	100.0
3.614	100.0
3.6145	100.0
3.615	100.0
3.6155	100.0
3.616	100.0
3.6165	100.0
3.617	100.0
3.6175	100.0
3.618	100.0
3.6185	100.0
3.619	100.0
3.6195	100.0
3.62	100.0
3.6205	100.0
3.621	100.0
3.6215	100.0
3.622	100.0
3.6225	100.0
3.623	100.0
3.6235	100.0
3.624	100.0
3.6245	100.0
3.625	100.0
3.6255	100.0
3.626	100.0
3.6265	100.0
3.627	100.0
3.6275	100.0
3.628	100.0
3.6285	100.0
3.629	100.0
3.6295	100.0
3.63	100.0
3.6305	100.0
3.631	100.0
3.6315	100.0
3.632	100.0
3.6325	100.0
3.633	100.0
3.6335	100.0
3.634	100.0
3.6345	100.0
3.635	100.0
3.6355	100.0
3.636	100.0
3.6365	100.0
3.637	100.0
3.6375	100.0
3.638	100.0
3.6385	100.0
3.639	100.0
3.6395	100.0
3.64	100.0
3.6405	100.0
3.641	100.0
3.6415	100.0
3.642	100.0
3.6425	100.0
3.643	100.0
3.6435	100.0
3.644	100.0
3.6445	100.0
3.645	100.0
3.6455	100.0
3.646	100.0
3.6465	100.0
3.647	100.0
3.6475	100.0
3.648	100.0
3.6485	100.0
3.649	100.0
3.6495	100.0
3.65	100.0
3.6505	100.0
3.651	100.0
3.6515	100.0
3.652	100.0
3.6525	100.0
3.653	100.0
3.6535	100.0
3.654	100.0
3.6545	100.0
3.655	100.0
3.6555	100.0
3.656	100.0
3.6565	100.0
3.657	100.0
3.6575	100.0
3.658	100.0
3.6585	100.0
3.659	100.0
3.6595	100.0
3.66	100.0
3.6605	100.0
3.661	100.0
3.6615	100.0
3.662	100.0
3.6625	100.0
3.663	100.0
3.6635	100.0
3.664	100.0
3.6645	100.0
3.665	100.0
3.6655	100.0
3.666	100.0
3.6665	100.0
3.667	100.0
3.6675	100.0
3.668	100.0
3.6685	100.0
3.669	100.0
3.6695	100.0
3.67	100.0
3.6705	100.0
3.671	100.0
3.6715	100.0
3.672	100.0
3.6725	100.0
3.673	100.0
3.6735	100.0
3.674	100.0
3.6745	100.0
3.675	100.0
3.6755	100.0
3.676	100.0
3.6765	100.0
3.677	100.0
3.6775	100.0
3.678	100.0
3.6785	100.0
3.679	100.0
3.6795	100.0
3.68	100.0
3.6805	100.0
3.681	100.0
3.6815	100.0
3.682	100.0
3.6825	100.0
3.683	70.1754385965
3.6835	70.1754385965
3.684	70.1754385965
3.6845	70.1754385965
3.685	70.1754385965
3.6855	70.1754385965
3.686	70.1754385965
3.6865	70.1754385965
3.687	70.1754385965
3.6875	70.1754385965
3.688	70.1754385965
3.6885	70.1754385965
3.689	70.1754385965
3.6895	70.1754385965
3.69	70.1754385965
3.6905	70.1754385965
3.691	70.1754385965
3.6915	70.1754385965
3.692	70.1754385965
3.6925	70.1754385965
3.693	70.1754385965
3.6935	70.1754385965
3.694	70.1754385965
3.6945	70.1754385965
3.695	70.1754385965
3.6955	70.1754385965
3.696	70.1754385965
3.6965	70.1754385965
3.697	70.1754385965
3.6975	70.1754385965
3.698	70.1754385965
3.6985	70.1754385965
3.699	70.1754385965
3.6995	70.1754385965
3.7	70.1754385965
3.7005	70.1754385965
3.701	70.1754385965
3.7015	70.1754385965
3.702	70.1754385965
3.7025	70.1754385965
3.703	70.1754385965
3.7035	70.1754385965
3.704	70.1754385965
3.7045	70.1754385965
3.705	70.1754385965
3.7055	70.1754385965
3.706	70.1754385965
3.7065	70.1754385965
3.707	70.1754385965
3.7075	70.1754385965
3.708	70.1754385965
3.7085	70.1754385965
3.709	70.1754385965
3.7095	70.1754385965
3.71	70.1754385965
3.7105	70.1754385965
3.711	70.1754385965
3.7115	70.1754385965
3.712	70.1754385965
3.7125	70.1754385965
3.713	70.1754385965
3.7135	70.1754385965
3.714	70.1754385965
3.7145	70.1754385965
3.715	70.1754385965
3.7155	70.1754385965
3.716	70.1754385965
3.7165	70.1754385965
3.717	70.1754385965
3.7175	70.1754385965
3.718	70.1754385965
3.7185	70.1754385965
3.719	70.1754385965
3.7195	70.1754385965
3.72	70.1754385965
3.7205	70.1754385965
3.721	70.1754385965
3.7215	70.1754385965
3.722	70.1754385965
3.7225	70.1754385965
3.723	70.1754385965
3.7235	70.1754385965
3.724	70.1754385965
3.7245	70.1754385965
3.725	70.1754385965
3.7255	70.1754385965
3.726	70.1754385965
3.7265	70.1754385965
3.727	70.1754385965
3.7275	70.1754385965
3.728	70.1754385965
3.7285	70.1754385965
3.729	70.1754385965
3.7295	70.1754385965
3.73	70.1754385965
3.7305	70.1754385965
3.731	70.1754385965
3.7315	70.1754385965
3.732	70.1754385965
3.7325	70.1754385965
3.733	70.1754385965
3.7335	70.1754385965
3.734	70.1754385965
3.7345	70.1754385965
3.735	70.1754385965
3.7355	70.1754385965
3.736	70.1754385965
3.7365	70.1754385965
3.737	70.1754385965
3.7375	70.1754385965
3.738	70.1754385965
3.7385	70.1754385965
3.739	70.1754385965
3.7395	70.1754385965
3.74	70.1754385965
3.7405	70.1754385965
3.741	70.1754385965
3.7415	70.1754385965
3.742	70.1754385965
3.7425	70.1754385965
3.743	70.1754385965
3.7435	70.1754385965
3.744	70.1754385965
3.7445	70.1754385965
3.745	70.1754385965
3.7455	70.1754385965
3.746	70.1754385965
3.7465	70.1754385965
3.747	70.1754385965
3.7475	70.1754385965
3.748	70.1754385965
3.7485	70.1754385965
3.749	70.1754385965
3.7495	70.1754385965
3.75	70.1754385965
3.7505	70.1754385965
3.751	70.1754385965
3.7515	70.1754385965
3.752	70.1754385965
3.7525	70.1754385965
3.753	70.1754385965
3.7535	70.1754385965
3.754	70.1754385965
3.7545	70.1754385965
3.755	70.1754385965
3.7555	70.1754385965
3.756	70.1754385965
3.7565	70.1754385965
3.757	70.1754385965
3.7575	70.1754385965
3.758	70.1754385965
3.7585	70.1754385965
3.759	70.1754385965
3.7595	70.1754385965
3.76	70.1754385965
3.7605	70.1754385965
3.761	70.1754385965
3.7615	70.1754385965
3.762	70.1754385965
3.7625	70.1754385965
3.763	70.1754385965
3.7635	70.1754385965
3.764	70.1754385965
3.7645	70.1754385965
3.765	70.1754385965
3.7655	70.1754385965
3.766	70.1754385965
3.7665	70.1754385965
3.767	70.1754385965
3.7675	70.1754385965
3.768	70.1754385965
3.7685	70.1754385965
3.769	70.1754385965
3.7695	70.1754385965
3.77	70.1754385965
3.7705	70.1754385965
3.771	70.1754385965
3.7715	70.1754385965
3.772	70.1754385965
3.7725	70.1754385965
3.773	70.1754385965
3.7735	70.1754385965
3.774	70.1754385965
3.7745	70.1754385965
3.775	70.1754385965
3.7755	70.1754385965
3.776	70.1754385965
3.7765	70.1754385965
3.777	70.1754385965
3.7775	70.1754385965
3.778	70.1754385965
3.7785	70.1754385965
3.779	70.1754385965
3.7795	70.1754385965
3.78	70.1754385965
3.7805	70.1754385965
3.781	70.1754385965
3.7815	70.1754385965
3.782	70.1754385965
3.7825	70.1754385965
3.783	70.1754385965
3.7835	70.1754385965
3.784	70.1754385965
3.7845	70.1754385965
3.785	70.1754385965
3.7855	70.1754385965
3.786	70.1754385965
3.7865	70.1754385965
3.787	70.1754385965
3.7875	70.1754385965
3.788	70.1754385965
3.7885	70.1754385965
3.789	70.1754385965
3.7895	70.1754385965
3.79	70.1754385965
3.7905	70.1754385965
3.791	70.1754385965
3.7915	70.1754385965
3.792	70.1754385965
3.7925	70.1754385965
3.793	70.1754385965
3.7935	70.1754385965
3.794	70.1754385965
3.7945	70.1754385965
3.795	70.1754385965
3.7955	70.1754385965
3.796	70.1754385965
3.7965	70.1754385965
3.797	70.1754385965
3.7975	70.1754385965
3.798	70.1754385965
3.7985	70.1754385965
3.799	70.1754385965
3.7995	70.1754385965
3.8	70.1754385965
3.8005	70.1754385965
3.801	70.1754385965
3.8015	70.1754385965
3.802	70.1754385965
3.8025	70.1754385965
3.803	70.1754385965
3.8035	70.1754385965
3.804	70.1754385965
3.8045	70.1754385965
3.805	70.1754385965
3.8055	70.1754385965
3.806	70.1754385965
3.8065	70.1754385965
3.807	70.1754385965
3.8075	70.1754385965
3.808	70.1754385965
3.8085	70.1754385965
3.809	70.1754385965
3.8095	70.1754385965
3.81	70.1754385965
3.8105	70.1754385965
3.811	70.1754385965
3.8115	70.1754385965
3.812	70.1754385965
3.8125	70.1754385965
3.813	70.1754385965
3.8135	70.1754385965
3.814	70.1754385965
3.8145	70.1754385965
3.815	70.1754385965
3.8155	70.1754385965
3.816	70.1754385965
3.8165	70.1754385965
3.817	70.1754385965
3.8175	70.1754385965
3.818	70.1754385965
3.8185	70.1754385965
3.819	70.1754385965
3.8195	70.1754385965
3.82	70.1754385965
3.8205	70.1754385965
3.821	70.1754385965
3.8215	70.1754385965
3.822	70.1754385965
3.8225	70.1754385965
3.823	70.1754385965
3.8235	70.1754385965
3.824	70.1754385965
3.8245	70.1754385965
3.825	70.1754385965
3.8255	70.1754385965
3.826	70.1754385965
3.8265	70.1754385965
3.827	70.1754385965
3.8275	70.1754385965
3.828	70.1754385965
3.8285	70.1754385965
3.829	70.1754385965
3.8295	70.1754385965
3.83	70.1754385965
3.8305	70.1754385965
3.831	70.1754385965
3.8315	70.1754385965
3.832	70.1754385965
3.8325	70.1754385965
3.833	70.1754385965
3.8335	70.1754385965
3.834	70.1754385965
3.8345	70.1754385965
3.835	70.1754385965
3.8355	70.1754385965
3.836	70.1754385965
3.8365	70.1754385965
3.837	70.1754385965
3.8375	70.1754385965
3.838	70.1754385965
3.8385	70.1754385965
3.839	70.1754385965
3.8395	70.1754385965
3.84	70.1754385965
3.8405	70.1754385965
3.841	70.1754385965
3.8415	70.1754385965
3.842	70.1754385965
3.8425	70.1754385965
3.843	70.1754385965
3.8435	70.1754385965
3.844	70.1754385965
3.8445	70.1754385965
3.845	70.1754385965
3.8455	70.1754385965
3.846	70.1754385965
3.8465	70.1754385965
3.847	70.1754385965
3.8475	70.1754385965
3.848	70.1754385965
3.8485	70.1754385965
3.849	70.1754385965
3.8495	70.1754385965
3.85	70.1754385965
3.8505	70.1754385965
3.851	70.1754385965
3.8515	70.1754385965
3.852	70.1754385965
3.8525	70.1754385965
3.853	70.1754385965
3.8535	70.1754385965
3.854	70.1754385965
3.8545	70.1754385965
3.855	70.1754385965
3.8555	70.1754385965
3.856	70.1754385965
3.8565	70.1754385965
3.857	70.1754385965
3.8575	70.1754385965
3.858	70.1754385965
3.8585	70.1754385965
3.859	70.1754385965
3.8595	70.1754385965
3.86	70.1754385965
3.8605	70.1754385965
3.861	70.1754385965
3.8615	70.1754385965
3.862	70.1754385965
3.8625	70.1754385965
3.863	70.1754385965
3.8635	70.1754385965
3.864	70.1754385965
3.8645	70.1754385965
3.865	70.1754385965
3.8655	70.1754385965
3.866	70.1754385965
3.8665	70.1754385965
3.867	70.1754385965
3.8675	70.1754385965
3.868	70.1754385965
3.8685	70.1754385965
3.869	70.1754385965
3.8695	70.1754385965
3.87	70.1754385965
3.8705	46.2686567164
3.871	46.2686567164
3.8715	46.2686567164
3.872	46.2686567164
3.8725	46.2686567164
3.873	46.2686567164
3.8735	46.2686567164
3.874	46.2686567164
3.8745	46.2686567164
3.875	46.2686567164
3.8755	46.2686567164
3.876	46.2686567164
3.8765	46.2686567164
3.877	46.2686567164
3.8775	46.2686567164
3.878	46.2686567164
3.8785	46.2686567164
3.879	46.2686567164
3.8795	46.2686567164
3.88	46.2686567164
3.8805	46.2686567164
3.881	46.2686567164
3.8815	46.2686567164
3.882	46.2686567164
3.8825	46.2686567164
3.883	46.2686567164
3.8835	46.2686567164
3.884	46.2686567164
3.8845	46.2686567164
3.885	46.2686567164
3.8855	46.2686567164
3.886	46.2686567164
3.8865	46.2686567164
3.887	46.2686567164
3.8875	46.2686567164
3.888	46.2686567164
3.8885	46.2686567164
3.889	46.2686567164
3.8895	46.2686567164
3.89	46.2686567164
3.8905	46.2686567164
3.891	46.2686567164
3.8915	46.2686567164
3.892	46.2686567164
3.8925	46.2686567164
3.893	46.2686567164
3.8935	46.2686567164
3.894	46.2686567164
3.8945	46.2686567164
3.895	46.2686567164
3.8955	46.2686567164
3.896	46.2686567164
3.8965	46.2686567164
3.897	46.2686567164
3.8975	46.2686567164
3.898	46.2686567164
3.8985	46.2686567164
3.899	46.2686567164
3.8995	46.2686567164
3.9	46.2686567164
3.9005	46.2686567164
3.901	46.2686567164
3.9015	46.2686567164
3.902	46.2686567164
3.9025	46.2686567164
3.903	46.2686567164
3.9035	46.2686567164
3.904	46.2686567164
3.9045	46.2686567164
3.905	46.2686567164
3.9055	46.2686567164
3.906	46.2686567164
3.9065	46.2686567164
3.907	46.2686567164
3.9075	46.2686567164
3.908	46.2686567164
3.9085	46.2686567164
3.909	46.2686567164
3.9095	46.2686567164
3.91	46.2686567164
3.9105	46.2686567164
3.911	46.2686567164
3.9115	46.2686567164
3.912	46.2686567164
3.9125	46.2686567164
3.913	46.2686567164
3.9135	46.2686567164
3.914	46.2686567164
3.9145	46.2686567164
3.915	46.2686567164
3.9155	46.2686567164
3.916	46.2686567164
3.9165	46.2686567164
3.917	46.2686567164
3.9175	46.2686567164
3.918	46.2686567164
3.9185	46.2686567164
3.919	46.2686567164
3.9195	46.2686567164
3.92	46.2686567164
3.9205	46.2686567164
3.921	46.2686567164
3.9215	46.2686567164
3.922	46.2686567164
3.9225	46.2686567164
3.923	46.2686567164
3.9235	46.2686567164
3.924	46.2686567164
3.9245	46.2686567164
3.925	46.2686567164
3.9255	46.2686567164
3.926	46.2686567164
3.9265	46.2686567164
3.927	46.2686567164
3.9275	46.2686567164
3.928	46.2686567164
3.9285	46.2686567164
3.929	46.2686567164
3.9295	46.2686567164
3.93	46.2686567164
3.9305	46.2686567164
3.931	46.2686567164
3.9315	46.2686567164
3.932	46.2686567164
3.9325	46.2686567164
3.933	46.2686567164
3.9335	46.2686567164
3.934	46.2686567164
3.9345	46.2686567164
3.935	46.2686567164
3.9355	46.2686567164
3.936	46.2686567164
3.9365	46.2686567164
3.937	46.2686567164
3.9375	46.2686567164
3.938	46.2686567164
3.9385	46.2686567164
3.939	46.2686567164
3.9395	46.2686567164
3.94	46.2686567164
3.9405	46.2686567164
3.941	46.2686567164
3.9415	46.2686567164
3.942	46.2686567164
3.9425	46.2686567164
3.943	46.2686567164
3.9435	46.2686567164
3.944	46.2686567164
3.9445	46.2686567164
3.945	46.2686567164
3.9455	46.2686567164
3.946	46.2686567164
3.9465	46.2686567164
3.947	46.2686567164
3.9475	46.2686567164
3.948	46.2686567164
3.9485	46.2686567164
3.949	46.2686567164
3.9495	46.2686567164
3.95	46.2686567164
3.9505	46.2686567164
3.951	46.2686567164
3.9515	46.2686567164
3.952	46.2686567164
3.9525	46.2686567164
3.953	46.2686567164
3.9535	46.2686567164
3.954	46.2686567164
3.9545	46.2686567164
3.955	46.2686567164
3.9555	46.2686567164
3.956	46.2686567164
3.9565	46.2686567164
3.957	46.2686567164
3.9575	46.2686567164
3.958	46.2686567164
3.9585	46.2686567164
3.959	46.2686567164
3.9595	46.2686567164
3.96	46.2686567164
3.9605	46.2686567164
3.961	46.2686567164
3.9615	46.2686567164
3.962	46.2686567164
3.9625	46.2686567164
3.963	46.2686567164
3.9635	46.2686567164
3.964	46.2686567164
3.9645	46.2686567164
3.965	46.2686567164
3.9655	46.2686567164
3.966	46.2686567164
3.9665	46.2686567164
3.967	46.2686567164
3.9675	46.2686567164
3.968	46.2686567164
3.9685	46.2686567164
3.969	46.2686567164
3.9695	46.2686567164
3.97	46.2686567164
3.9705	46.2686567164
3.971	46.2686567164
3.9715	46.2686567164
3.972	46.2686567164
3.9725	46.2686567164
3.973	46.2686567164
3.9735	46.2686567164
3.974	46.2686567164
3.9745	46.2686567164
3.975	46.2686567164
3.9755	46.2686567164
3.976	46.2686567164
3.9765	46.2686567164
3.977	46.2686567164
3.9775	46.2686567164
3.978	46.2686567164
3.9785	46.2686567164
3.979	46.2686567164
3.9795	46.2686567164
3.98	46.2686567164
3.9805	46.2686567164
3.981	46.2686567164
3.9815	46.2686567164
3.982	46.2686567164
3.9825	46.2686567164
3.983	46.2686567164
3.9835	46.2686567164
3.984	46.2686567164
3.9845	46.2686567164
3.985	46.2686567164
3.9855	46.2686567164
3.986	46.2686567164
3.9865	46.2686567164
3.987	46.2686567164
3.9875	46.2686567164
3.988	46.2686567164
3.9885	46.2686567164
3.989	46.2686567164
3.9895	46.2686567164
3.99	46.2686567164
3.9905	46.2686567164
3.991	46.2686567164
3.9915	46.2686567164
3.992	46.2686567164
3.9925	46.2686567164
3.993	46.2686567164
3.9935	46.2686567164
3.994	46.2686567164
3.9945	46.2686567164
3.995	46.2686567164
3.9955	46.2686567164
3.996	46.2686567164
3.9965	46.2686567164
3.997	46.2686567164
3.9975	46.2686567164
3.998	46.2686567164
3.9985	46.2686567164
3.999	46.2686567164
3.9995	46.2686567164
4.0	46.2686567164
4.0005	46.2686567164
4.001	46.2686567164
4.0015	46.2686567164
4.002	46.2686567164
4.0025	46.2686567164
4.003	46.2686567164
4.0035	46.2686567164
4.004	46.2686567164
4.0045	46.2686567164
4.005	46.2686567164
4.0055	46.2686567164
4.006	46.2686567164
4.0065	46.2686567164
4.007	46.2686567164
4.0075	46.2686567164
4.008	46.2686567164
4.0085	46.2686567164
4.009	46.2686567164
4.0095	46.2686567164
4.01	46.2686567164
4.0105	46.2686567164
4.011	46.2686567164
4.0115	46.2686567164
4.012	46.2686567164
4.0125	46.2686567164
4.013	46.2686567164
4.0135	46.2686567164
4.014	46.2686567164
4.0145	46.2686567164
4.015	46.2686567164
4.0155	46.2686567164
4.016	46.2686567164
4.0165	46.2686567164
4.017	46.2686567164
4.0175	46.2686567164
4.018	46.2686567164
4.0185	46.2686567164
4.019	46.2686567164
4.0195	46.2686567164
4.02	46.2686567164
4.0205	46.2686567164
4.021	46.2686567164
4.0215	46.2686567164
4.022	46.2686567164
4.0225	46.2686567164
4.023	46.2686567164
4.0235	46.2686567164
4.024	46.2686567164
4.0245	46.2686567164
4.025	46.2686567164
4.0255	46.2686567164
4.026	46.2686567164
4.0265	46.2686567164
4.027	46.2686567164
4.0275	46.2686567164
4.028	46.2686567164
4.0285	46.2686567164
4.029	46.2686567164
4.0295	46.2686567164
4.03	46.2686567164
4.0305	46.2686567164
4.031	46.2686567164
4.0315	46.2686567164
4.032	46.2686567164
4.0325	46.2686567164
4.033	46.2686567164
4.0335	46.2686567164
4.034	46.2686567164
4.0345	46.2686567164
4.035	46.2686567164
4.0355	46.2686567164
4.036	46.2686567164
4.0365	46.2686567164
4.037	46.2686567164
4.0375	46.2686567164
4.038	46.2686567164
4.0385	46.2686567164
4.039	46.2686567164
4.0395	46.2686567164
4.04	46.2686567164
4.0405	46.2686567164
4.041	46.2686567164
4.0415	46.2686567164
4.042	46.2686567164
4.0425	46.2686567164
4.043	46.2686567164
4.0435	46.2686567164
4.044	46.2686567164
4.0445	46.2686567164
4.045	46.2686567164
4.0455	46.2686567164
4.046	46.2686567164
4.0465	46.2686567164
4.047	46.2686567164
4.0475	46.2686567164
4.048	46.2686567164
4.0485	46.2686567164
4.049	46.2686567164
4.0495	46.2686567164
4.05	46.2686567164
4.0505	46.2686567164
4.051	46.2686567164
4.0515	46.2686567164
4.052	46.2686567164
4.0525	46.2686567164
4.053	46.2686567164
4.0535	46.2686567164
4.054	46.2686567164
4.0545	46.2686567164
4.055	46.2686567164
4.0555	46.2686567164
4.056	46.2686567164
4.0565	46.2686567164
4.057	46.2686567164
4.0575	46.2686567164
4.058	46.2686567164
4.0585	46.2686567164
4.059	46.2686567164
4.0595	46.2686567164
4.06	46.2686567164
4.0605	46.2686567164
4.061	46.2686567164
4.0615	46.2686567164
4.062	46.2686567164
4.0625	46.2686567164
4.063	46.2686567164
4.0635	46.2686567164
4.064	46.2686567164
4.0645	46.2686567164
4.065	46.2686567164
4.0655	46.2686567164
4.066	46.2686567164
4.0665	46.2686567164
4.067	46.2686567164
4.0675	46.2686567164
4.068	46.2686567164
4.0685	46.2686567164
4.069	46.2686567164
4.0695	46.2686567164
4.07	46.2686567164
4.0705	46.2686567164
4.071	46.2686567164
4.0715	46.2686567164
4.072	46.2686567164
4.0725	46.2686567164
4.073	46.2686567164
4.0735	46.2686567164
4.074	46.2686567164
4.0745	46.2686567164
4.075	46.2686567164
4.0755	46.2686567164
4.076	46.2686567164
4.0765	46.2686567164
4.077	46.2686567164
4.0775	46.2686567164
4.078	46.2686567164
4.0785	46.2686567164
4.079	46.2686567164
