rCut Vs Percentages	Au38_Au38_original_Au38_twist_[1,1,1]_axis_20_degrees_rCut_2.884_4.0786-0.0005_CNA_tolerance_0
2.884	0.0
2.8845	0.0
2.885	10.5263157895
2.8855	10.5263157895
2.886	10.5263157895
2.8865	10.5263157895
2.887	10.5263157895
2.8875	10.5263157895
2.888	10.5263157895
2.8885	10.5263157895
2.889	10.5263157895
2.8895	10.5263157895
2.89	10.5263157895
2.8905	10.5263157895
2.891	10.5263157895
2.8915	10.5263157895
2.892	10.5263157895
2.8925	10.5263157895
2.893	10.5263157895
2.8935	10.5263157895
2.894	10.5263157895
2.8945	10.5263157895
2.895	10.5263157895
2.8955	10.5263157895
2.896	10.5263157895
2.8965	10.5263157895
2.897	10.5263157895
2.8975	10.5263157895
2.898	10.5263157895
2.8985	10.5263157895
2.899	10.5263157895
2.8995	10.5263157895
2.9	10.5263157895
2.9005	10.5263157895
2.901	10.5263157895
2.9015	10.5263157895
2.902	10.5263157895
2.9025	10.5263157895
2.903	10.5263157895
2.9035	10.5263157895
2.904	10.5263157895
2.9045	10.5263157895
2.905	10.5263157895
2.9055	10.5263157895
2.906	10.5263157895
2.9065	10.5263157895
2.907	10.5263157895
2.9075	10.5263157895
2.908	10.5263157895
2.9085	10.5263157895
2.909	10.5263157895
2.9095	10.5263157895
2.91	10.5263157895
2.9105	10.5263157895
2.911	10.5263157895
2.9115	10.5263157895
2.912	10.5263157895
2.9125	10.5263157895
2.913	10.5263157895
2.9135	10.5263157895
2.914	10.5263157895
2.9145	10.5263157895
2.915	10.5263157895
2.9155	10.5263157895
2.916	10.5263157895
2.9165	10.5263157895
2.917	10.5263157895
2.9175	10.5263157895
2.918	10.5263157895
2.9185	10.5263157895
2.919	10.5263157895
2.9195	10.5263157895
2.92	10.5263157895
2.9205	10.5263157895
2.921	10.5263157895
2.9215	10.5263157895
2.922	10.5263157895
2.9225	10.5263157895
2.923	10.5263157895
2.9235	10.5263157895
2.924	10.5263157895
2.9245	10.5263157895
2.925	10.5263157895
2.9255	10.5263157895
2.926	10.5263157895
2.9265	10.5263157895
2.927	10.5263157895
2.9275	10.5263157895
2.928	10.5263157895
2.9285	10.5263157895
2.929	10.5263157895
2.9295	10.5263157895
2.93	10.5263157895
2.9305	10.5263157895
2.931	10.5263157895
2.9315	10.5263157895
2.932	10.5263157895
2.9325	10.5263157895
2.933	10.5263157895
2.9335	10.5263157895
2.934	10.5263157895
2.9345	10.5263157895
2.935	10.5263157895
2.9355	10.5263157895
2.936	10.5263157895
2.9365	10.2564102564
2.937	10.2564102564
2.9375	10.2564102564
2.938	10.2564102564
2.9385	10.2564102564
2.939	10.2564102564
2.9395	10.2564102564
2.94	10.2564102564
2.9405	10.2564102564
2.941	10.2564102564
2.9415	10.2564102564
2.942	10.2564102564
2.9425	10.2564102564
2.943	10.2564102564
2.9435	10.2564102564
2.944	10.2564102564
2.9445	10.2564102564
2.945	10.2564102564
2.9455	10.2564102564
2.946	10.2564102564
2.9465	10.2564102564
2.947	10.2564102564
2.9475	10.2564102564
2.948	10.2564102564
2.9485	10.2564102564
2.949	10.2564102564
2.9495	10.2564102564
2.95	10.2564102564
2.9505	10.2564102564
2.951	10.2564102564
2.9515	10.2564102564
2.952	10.2564102564
2.9525	10.2564102564
2.953	10.2564102564
2.9535	10.2564102564
2.954	10.2564102564
2.9545	10.2564102564
2.955	10.2564102564
2.9555	10.2564102564
2.956	10.2564102564
2.9565	10.2564102564
2.957	10.2564102564
2.9575	10.2564102564
2.958	10.2564102564
2.9585	10.2564102564
2.959	10.2564102564
2.9595	10.2564102564
2.96	10.2564102564
2.9605	10.2564102564
2.961	10.2564102564
2.9615	10.2564102564
2.962	10.2564102564
2.9625	10.2564102564
2.963	10.2564102564
2.9635	10.2564102564
2.964	10.2564102564
2.9645	10.2564102564
2.965	10.2564102564
2.9655	10.2564102564
2.966	10.2564102564
2.9665	10.2564102564
2.967	10.2564102564
2.9675	10.2564102564
2.968	10.2564102564
2.9685	10.2564102564
2.969	10.2564102564
2.9695	10.2564102564
2.97	10.2564102564
2.9705	10.2564102564
2.971	10.2564102564
2.9715	10.2564102564
2.972	10.2564102564
2.9725	10.2564102564
2.973	10.2564102564
2.9735	10.2564102564
2.974	10.2564102564
2.9745	10.2564102564
2.975	10.2564102564
2.9755	10.2564102564
2.976	10.2564102564
2.9765	10.2564102564
2.977	10.2564102564
2.9775	10.2564102564
2.978	10.2564102564
2.9785	10.2564102564
2.979	10.2564102564
2.9795	10.2564102564
2.98	10.2564102564
2.9805	10.2564102564
2.981	10.2564102564
2.9815	10.2564102564
2.982	10.2564102564
2.9825	10.2564102564
2.983	10.2564102564
2.9835	10.2564102564
2.984	10.2564102564
2.9845	10.2564102564
2.985	10.2564102564
2.9855	10.2564102564
2.986	10.2564102564
2.9865	10.2564102564
2.987	10.2564102564
2.9875	10.2564102564
2.988	10.2564102564
2.9885	10.2564102564
2.989	10.2564102564
2.9895	10.2564102564
2.99	10.2564102564
2.9905	10.2564102564
2.991	10.2564102564
2.9915	10.2564102564
2.992	10.2564102564
2.9925	10.2564102564
2.993	10.2564102564
2.9935	10.2564102564
2.994	10.2564102564
2.9945	10.2564102564
2.995	10.2564102564
2.9955	10.2564102564
2.996	10.2564102564
2.9965	10.2564102564
2.997	10.2564102564
2.9975	10.2564102564
2.998	10.2564102564
2.9985	10.2564102564
2.999	10.2564102564
2.9995	10.2564102564
3.0	10.2564102564
3.0005	10.2564102564
3.001	10.2564102564
3.0015	10.2564102564
3.002	10.2564102564
3.0025	10.2564102564
3.003	10.2564102564
3.0035	10.2564102564
3.004	10.2564102564
3.0045	10.2564102564
3.005	10.2564102564
3.0055	10.2564102564
3.006	10.2564102564
3.0065	10.2564102564
3.007	10.2564102564
3.0075	10.2564102564
3.008	10.2564102564
3.0085	10.2564102564
3.009	10.2564102564
3.0095	10.2564102564
3.01	10.2564102564
3.0105	10.2564102564
3.011	10.2564102564
3.0115	10.2564102564
3.012	10.2564102564
3.0125	10.2564102564
3.013	10.2564102564
3.0135	10.2564102564
3.014	10.2564102564
3.0145	10.2564102564
3.015	10.2564102564
3.0155	10.2564102564
3.016	10.2564102564
3.0165	10.2564102564
3.017	10.2564102564
3.0175	10.2564102564
3.018	10.2564102564
3.0185	10.2564102564
3.019	10.2564102564
3.0195	10.2564102564
3.02	10.2564102564
3.0205	10.2564102564
3.021	10.2564102564
3.0215	10.2564102564
3.022	10.2564102564
3.0225	10.2564102564
3.023	10.2564102564
3.0235	10.2564102564
3.024	10.2564102564
3.0245	10.2564102564
3.025	10.2564102564
3.0255	10.2564102564
3.026	10.2564102564
3.0265	10.2564102564
3.027	10.2564102564
3.0275	10.2564102564
3.028	10.2564102564
3.0285	10.2564102564
3.029	10.2564102564
3.0295	10.2564102564
3.03	10.2564102564
3.0305	10.2564102564
3.031	10.2564102564
3.0315	10.2564102564
3.032	10.2564102564
3.0325	10.2564102564
3.033	10.2564102564
3.0335	10.2564102564
3.034	10.2564102564
3.0345	10.2564102564
3.035	10.2564102564
3.0355	10.2564102564
3.036	10.2564102564
3.0365	10.2564102564
3.037	10.2564102564
3.0375	10.2564102564
3.038	10.2564102564
3.0385	10.2564102564
3.039	10.2564102564
3.0395	10.2564102564
3.04	10.2564102564
3.0405	10.2564102564
3.041	10.2564102564
3.0415	10.2564102564
3.042	10.2564102564
3.0425	10.2564102564
3.043	10.2564102564
3.0435	10.2564102564
3.044	10.2564102564
3.0445	10.2564102564
3.045	10.2564102564
3.0455	10.2564102564
3.046	10.2564102564
3.0465	10.2564102564
3.047	10.2564102564
3.0475	10.2564102564
3.048	10.2564102564
3.0485	10.2564102564
3.049	10.2564102564
3.0495	10.2564102564
3.05	10.2564102564
3.0505	10.2564102564
3.051	10.2564102564
3.0515	10.2564102564
3.052	10.2564102564
3.0525	10.2564102564
3.053	10.2564102564
3.0535	10.2564102564
3.054	10.2564102564
3.0545	10.2564102564
3.055	10.2564102564
3.0555	10.2564102564
3.056	10.2564102564
3.0565	10.2564102564
3.057	10.2564102564
3.0575	10.2564102564
3.058	10.2564102564
3.0585	10.2564102564
3.059	10.2564102564
3.0595	10.2564102564
3.06	10.2564102564
3.0605	10.2564102564
3.061	10.2564102564
3.0615	10.2564102564
3.062	10.2564102564
3.0625	10.2564102564
3.063	10.2564102564
3.0635	10.2564102564
3.064	10.2564102564
3.0645	10.2564102564
3.065	10.2564102564
3.0655	10.2564102564
3.066	10.2564102564
3.0665	10.2564102564
3.067	10.2564102564
3.0675	10.2564102564
3.068	10.2564102564
3.0685	10.2564102564
3.069	10.2564102564
3.0695	10.2564102564
3.07	10.2564102564
3.0705	10.2564102564
3.071	10.2564102564
3.0715	10.2564102564
3.072	10.2564102564
3.0725	10.2564102564
3.073	10.2564102564
3.0735	10.2564102564
3.074	10.2564102564
3.0745	10.2564102564
3.075	10.2564102564
3.0755	10.2564102564
3.076	10.2564102564
3.0765	10.2564102564
3.077	10.2564102564
3.0775	10.2564102564
3.078	10.2564102564
3.0785	10.2564102564
3.079	10.2564102564
3.0795	10.2564102564
3.08	10.2564102564
3.0805	10.2564102564
3.081	10.2564102564
3.0815	10.2564102564
3.082	10.2564102564
3.0825	10.2564102564
3.083	10.2564102564
3.0835	22.5352112676
3.084	22.5352112676
3.0845	22.5352112676
3.085	22.5352112676
3.0855	22.5352112676
3.086	22.5352112676
3.0865	22.5352112676
3.087	22.5352112676
3.0875	22.5352112676
3.088	22.5352112676
3.0885	22.5352112676
3.089	22.5352112676
3.0895	22.5352112676
3.09	22.5352112676
3.0905	22.5352112676
3.091	22.5352112676
3.0915	22.5352112676
3.092	22.5352112676
3.0925	22.5352112676
3.093	22.5352112676
3.0935	22.5352112676
3.094	22.5352112676
3.0945	22.5352112676
3.095	22.5352112676
3.0955	22.5352112676
3.096	22.5352112676
3.0965	22.5352112676
3.097	22.5352112676
3.0975	22.5352112676
3.098	22.5352112676
3.0985	22.5352112676
3.099	22.5352112676
3.0995	22.5352112676
3.1	22.5352112676
3.1005	22.5352112676
3.101	22.5352112676
3.1015	22.5352112676
3.102	22.5352112676
3.1025	22.5352112676
3.103	22.5352112676
3.1035	22.5352112676
3.104	22.5352112676
3.1045	22.5352112676
3.105	22.5352112676
3.1055	22.5352112676
3.106	22.5352112676
3.1065	22.5352112676
3.107	22.5352112676
3.1075	32.8358208955
3.108	32.8358208955
3.1085	32.8358208955
3.109	32.8358208955
3.1095	32.8358208955
3.11	32.8358208955
3.1105	32.8358208955
3.111	32.8358208955
3.1115	32.8358208955
3.112	32.8358208955
3.1125	32.8358208955
3.113	32.8358208955
3.1135	32.8358208955
3.114	32.8358208955
3.1145	32.8358208955
3.115	32.8358208955
3.1155	32.8358208955
3.116	32.8358208955
3.1165	32.8358208955
3.117	32.8358208955
3.1175	32.8358208955
3.118	32.8358208955
3.1185	32.8358208955
3.119	32.8358208955
3.1195	32.8358208955
3.12	32.8358208955
3.1205	32.8358208955
3.121	32.8358208955
3.1215	32.8358208955
3.122	32.8358208955
3.1225	32.8358208955
3.123	32.8358208955
3.1235	32.8358208955
3.124	32.8358208955
3.1245	32.8358208955
3.125	32.8358208955
3.1255	32.8358208955
3.126	32.8358208955
3.1265	32.8358208955
3.127	32.8358208955
3.1275	32.8358208955
3.128	32.8358208955
3.1285	32.8358208955
3.129	32.8358208955
3.1295	32.8358208955
3.13	32.8358208955
3.1305	32.8358208955
3.131	32.8358208955
3.1315	32.8358208955
3.132	32.8358208955
3.1325	32.8358208955
3.133	32.8358208955
3.1335	32.8358208955
3.134	32.8358208955
3.1345	32.8358208955
3.135	32.8358208955
3.1355	32.8358208955
3.136	32.8358208955
3.1365	32.8358208955
3.137	32.8358208955
3.1375	32.8358208955
3.138	32.8358208955
3.1385	32.8358208955
3.139	32.8358208955
3.1395	32.8358208955
3.14	32.8358208955
3.1405	32.8358208955
3.141	32.8358208955
3.1415	32.8358208955
3.142	32.8358208955
3.1425	32.8358208955
3.143	32.8358208955
3.1435	32.8358208955
3.144	32.8358208955
3.1445	32.8358208955
3.145	32.8358208955
3.1455	32.8358208955
3.146	32.8358208955
3.1465	32.8358208955
3.147	32.8358208955
3.1475	32.8358208955
3.148	32.8358208955
3.1485	32.8358208955
3.149	32.8358208955
3.1495	32.8358208955
3.15	32.8358208955
3.1505	32.8358208955
3.151	32.8358208955
3.1515	32.8358208955
3.152	32.8358208955
3.1525	32.8358208955
3.153	32.8358208955
3.1535	32.8358208955
3.154	32.8358208955
3.1545	32.8358208955
3.155	32.8358208955
3.1555	32.8358208955
3.156	32.8358208955
3.1565	32.8358208955
3.157	32.8358208955
3.1575	32.8358208955
3.158	32.8358208955
3.1585	32.8358208955
3.159	32.8358208955
3.1595	32.8358208955
3.16	32.8358208955
3.1605	32.8358208955
3.161	32.8358208955
3.1615	32.8358208955
3.162	32.8358208955
3.1625	32.8358208955
3.163	32.8358208955
3.1635	32.8358208955
3.164	32.8358208955
3.1645	32.8358208955
3.165	32.8358208955
3.1655	32.8358208955
3.166	32.8358208955
3.1665	32.8358208955
3.167	32.8358208955
3.1675	32.8358208955
3.168	32.8358208955
3.1685	32.8358208955
3.169	32.8358208955
3.1695	32.8358208955
3.17	32.8358208955
3.1705	32.8358208955
3.171	32.8358208955
3.1715	32.8358208955
3.172	32.8358208955
3.1725	32.8358208955
3.173	32.8358208955
3.1735	32.8358208955
3.174	32.8358208955
3.1745	32.8358208955
3.175	32.8358208955
3.1755	32.8358208955
3.176	32.8358208955
3.1765	32.8358208955
3.177	32.8358208955
3.1775	32.8358208955
3.178	32.8358208955
3.1785	32.8358208955
3.179	49.1803278689
3.1795	49.1803278689
3.18	49.1803278689
3.1805	49.1803278689
3.181	49.1803278689
3.1815	49.1803278689
3.182	49.1803278689
3.1825	49.1803278689
3.183	49.1803278689
3.1835	49.1803278689
3.184	49.1803278689
3.1845	49.1803278689
3.185	49.1803278689
3.1855	49.1803278689
3.186	49.1803278689
3.1865	49.1803278689
3.187	49.1803278689
3.1875	49.1803278689
3.188	49.1803278689
3.1885	49.1803278689
3.189	49.1803278689
3.1895	49.1803278689
3.19	49.1803278689
3.1905	49.1803278689
3.191	49.1803278689
3.1915	49.1803278689
3.192	49.1803278689
3.1925	49.1803278689
3.193	49.1803278689
3.1935	49.1803278689
3.194	49.1803278689
3.1945	49.1803278689
3.195	49.1803278689
3.1955	49.1803278689
3.196	49.1803278689
3.1965	49.1803278689
3.197	49.1803278689
3.1975	49.1803278689
3.198	49.1803278689
3.1985	49.1803278689
3.199	49.1803278689
3.1995	49.1803278689
3.2	49.1803278689
3.2005	49.1803278689
3.201	49.1803278689
3.2015	49.1803278689
3.202	49.1803278689
3.2025	49.1803278689
3.203	49.1803278689
3.2035	49.1803278689
3.204	49.1803278689
3.2045	49.1803278689
3.205	49.1803278689
3.2055	49.1803278689
3.206	49.1803278689
3.2065	49.1803278689
3.207	49.1803278689
3.2075	49.1803278689
3.208	49.1803278689
3.2085	49.1803278689
3.209	49.1803278689
3.2095	49.1803278689
3.21	49.1803278689
3.2105	49.1803278689
3.211	49.1803278689
3.2115	49.1803278689
3.212	49.1803278689
3.2125	49.1803278689
3.213	49.1803278689
3.2135	49.1803278689
3.214	49.1803278689
3.2145	49.1803278689
3.215	49.1803278689
3.2155	49.1803278689
3.216	49.1803278689
3.2165	49.1803278689
3.217	49.1803278689
3.2175	49.1803278689
3.218	49.1803278689
3.2185	49.1803278689
3.219	49.1803278689
3.2195	49.1803278689
3.22	49.1803278689
3.2205	49.1803278689
3.221	49.1803278689
3.2215	49.1803278689
3.222	49.1803278689
3.2225	49.1803278689
3.223	49.1803278689
3.2235	49.1803278689
3.224	49.1803278689
3.2245	49.1803278689
3.225	49.1803278689
3.2255	49.1803278689
3.226	49.1803278689
3.2265	49.1803278689
3.227	49.1803278689
3.2275	49.1803278689
3.228	49.1803278689
3.2285	49.1803278689
3.229	49.1803278689
3.2295	49.1803278689
3.23	49.1803278689
3.2305	49.1803278689
3.231	49.1803278689
3.2315	49.1803278689
3.232	49.1803278689
3.2325	49.1803278689
3.233	49.1803278689
3.2335	49.1803278689
3.234	49.1803278689
3.2345	49.1803278689
3.235	49.1803278689
3.2355	49.1803278689
3.236	49.1803278689
3.2365	49.1803278689
3.237	49.1803278689
3.2375	49.1803278689
3.238	49.1803278689
3.2385	49.1803278689
3.239	49.1803278689
3.2395	49.1803278689
3.24	49.1803278689
3.2405	49.1803278689
3.241	49.1803278689
3.2415	49.1803278689
3.242	49.1803278689
3.2425	49.1803278689
3.243	49.1803278689
3.2435	49.1803278689
3.244	49.1803278689
3.2445	49.1803278689
3.245	49.1803278689
3.2455	49.1803278689
3.246	49.1803278689
3.2465	49.1803278689
3.247	49.1803278689
3.2475	49.1803278689
3.248	49.1803278689
3.2485	49.1803278689
3.249	49.1803278689
3.2495	49.1803278689
3.25	49.1803278689
3.2505	49.1803278689
3.251	49.1803278689
3.2515	49.1803278689
3.252	49.1803278689
3.2525	49.1803278689
3.253	49.1803278689
3.2535	49.1803278689
3.254	49.1803278689
3.2545	49.1803278689
3.255	49.1803278689
3.2555	49.1803278689
3.256	49.1803278689
3.2565	49.1803278689
3.257	49.1803278689
3.2575	49.1803278689
3.258	49.1803278689
3.2585	49.1803278689
3.259	49.1803278689
3.2595	49.1803278689
3.26	49.1803278689
3.2605	49.1803278689
3.261	49.1803278689
3.2615	49.1803278689
3.262	49.1803278689
3.2625	49.1803278689
3.263	49.1803278689
3.2635	49.1803278689
3.264	49.1803278689
3.2645	49.1803278689
3.265	49.1803278689
3.2655	49.1803278689
3.266	49.1803278689
3.2665	49.1803278689
3.267	49.1803278689
3.2675	49.1803278689
3.268	49.1803278689
3.2685	49.1803278689
3.269	49.1803278689
3.2695	49.1803278689
3.27	49.1803278689
3.2705	49.1803278689
3.271	49.1803278689
3.2715	49.1803278689
3.272	49.1803278689
3.2725	49.1803278689
3.273	49.1803278689
3.2735	49.1803278689
3.274	49.1803278689
3.2745	49.1803278689
3.275	49.1803278689
3.2755	49.1803278689
3.276	49.1803278689
3.2765	49.1803278689
3.277	49.1803278689
3.2775	49.1803278689
3.278	49.1803278689
3.2785	49.1803278689
3.279	49.1803278689
3.2795	49.1803278689
3.28	49.1803278689
3.2805	49.1803278689
3.281	49.1803278689
3.2815	49.1803278689
3.282	49.1803278689
3.2825	49.1803278689
3.283	49.1803278689
3.2835	49.1803278689
3.284	49.1803278689
3.2845	49.1803278689
3.285	49.1803278689
3.2855	49.1803278689
3.286	49.1803278689
3.2865	49.1803278689
3.287	49.1803278689
3.2875	49.1803278689
3.288	49.1803278689
3.2885	49.1803278689
3.289	49.1803278689
3.2895	49.1803278689
3.29	49.1803278689
3.2905	49.1803278689
3.291	49.1803278689
3.2915	49.1803278689
3.292	49.1803278689
3.2925	49.1803278689
3.293	49.1803278689
3.2935	49.1803278689
3.294	49.1803278689
3.2945	49.1803278689
3.295	49.1803278689
3.2955	49.1803278689
3.296	49.1803278689
3.2965	49.1803278689
3.297	49.1803278689
3.2975	49.1803278689
3.298	49.1803278689
3.2985	49.1803278689
3.299	49.1803278689
3.2995	49.1803278689
3.3	49.1803278689
3.3005	49.1803278689
3.301	49.1803278689
3.3015	49.1803278689
3.302	49.1803278689
3.3025	49.1803278689
3.303	49.1803278689
3.3035	49.1803278689
3.304	49.1803278689
3.3045	49.1803278689
3.305	49.1803278689
3.3055	49.1803278689
3.306	49.1803278689
3.3065	49.1803278689
3.307	49.1803278689
3.3075	49.1803278689
3.308	49.1803278689
3.3085	49.1803278689
3.309	49.1803278689
3.3095	49.1803278689
3.31	49.1803278689
3.3105	49.1803278689
3.311	49.1803278689
3.3115	49.1803278689
3.312	49.1803278689
3.3125	49.1803278689
3.313	49.1803278689
3.3135	49.1803278689
3.314	49.1803278689
3.3145	49.1803278689
3.315	63.1578947368
3.3155	63.1578947368
3.316	63.1578947368
3.3165	63.1578947368
3.317	63.1578947368
3.3175	63.1578947368
3.318	63.1578947368
3.3185	63.1578947368
3.319	63.1578947368
3.3195	63.1578947368
3.32	63.1578947368
3.3205	63.1578947368
3.321	63.1578947368
3.3215	63.1578947368
3.322	63.1578947368
3.3225	63.1578947368
3.323	63.1578947368
3.3235	63.1578947368
3.324	63.1578947368
3.3245	63.1578947368
3.325	63.1578947368
3.3255	63.1578947368
3.326	63.1578947368
3.3265	63.1578947368
3.327	63.1578947368
3.3275	63.1578947368
3.328	63.1578947368
3.3285	63.1578947368
3.329	63.1578947368
3.3295	63.1578947368
3.33	63.1578947368
3.3305	63.1578947368
3.331	63.1578947368
3.3315	63.1578947368
3.332	63.1578947368
3.3325	63.1578947368
3.333	63.1578947368
3.3335	63.1578947368
3.334	63.1578947368
3.3345	63.1578947368
3.335	63.1578947368
3.3355	63.1578947368
3.336	63.1578947368
3.3365	63.1578947368
3.337	63.1578947368
3.3375	63.1578947368
3.338	63.1578947368
3.3385	63.1578947368
3.339	63.1578947368
3.3395	63.1578947368
3.34	63.1578947368
3.3405	63.1578947368
3.341	63.1578947368
3.3415	63.1578947368
3.342	63.1578947368
3.3425	63.1578947368
3.343	63.1578947368
3.3435	63.1578947368
3.344	63.1578947368
3.3445	63.1578947368
3.345	63.1578947368
3.3455	63.1578947368
3.346	63.1578947368
3.3465	63.1578947368
3.347	63.1578947368
3.3475	63.1578947368
3.348	63.1578947368
3.3485	63.1578947368
3.349	63.1578947368
3.3495	63.1578947368
3.35	63.1578947368
3.3505	63.1578947368
3.351	63.1578947368
3.3515	63.1578947368
3.352	63.1578947368
3.3525	63.1578947368
3.353	63.1578947368
3.3535	63.1578947368
3.354	63.1578947368
3.3545	63.1578947368
3.355	63.1578947368
3.3555	63.1578947368
3.356	63.1578947368
3.3565	63.1578947368
3.357	63.1578947368
3.3575	63.1578947368
3.358	63.1578947368
3.3585	63.1578947368
3.359	63.1578947368
3.3595	63.1578947368
3.36	82.6923076923
3.3605	82.6923076923
3.361	82.6923076923
3.3615	82.6923076923
3.362	82.6923076923
3.3625	82.6923076923
3.363	82.6923076923
3.3635	82.6923076923
3.364	82.6923076923
3.3645	82.6923076923
3.365	82.6923076923
3.3655	82.6923076923
3.366	82.6923076923
3.3665	82.6923076923
3.367	82.6923076923
3.3675	82.6923076923
3.368	82.6923076923
3.3685	82.6923076923
3.369	82.6923076923
3.3695	82.6923076923
3.37	82.6923076923
3.3705	82.6923076923
3.371	82.6923076923
3.3715	82.6923076923
3.372	82.6923076923
3.3725	82.6923076923
3.373	82.6923076923
3.3735	82.6923076923
3.374	82.6923076923
3.3745	82.6923076923
3.375	82.6923076923
3.3755	82.6923076923
3.376	82.6923076923
3.3765	82.6923076923
3.377	82.6923076923
3.3775	82.6923076923
3.378	82.6923076923
3.3785	82.6923076923
3.379	82.6923076923
3.3795	82.6923076923
3.38	82.6923076923
3.3805	82.6923076923
3.381	82.6923076923
3.3815	82.6923076923
3.382	82.6923076923
3.3825	82.6923076923
3.383	82.6923076923
3.3835	82.6923076923
3.384	82.6923076923
3.3845	82.6923076923
3.385	82.6923076923
3.3855	82.6923076923
3.386	82.6923076923
3.3865	82.6923076923
3.387	82.6923076923
3.3875	82.6923076923
3.388	82.6923076923
3.3885	82.6923076923
3.389	82.6923076923
3.3895	82.6923076923
3.39	82.6923076923
3.3905	82.6923076923
3.391	82.6923076923
3.3915	82.6923076923
3.392	82.6923076923
3.3925	82.6923076923
3.393	82.6923076923
3.3935	82.6923076923
3.394	82.6923076923
3.3945	82.6923076923
3.395	82.6923076923
3.3955	82.6923076923
3.396	82.6923076923
3.3965	82.6923076923
3.397	82.6923076923
3.3975	82.6923076923
3.398	82.6923076923
3.3985	82.6923076923
3.399	82.6923076923
3.3995	82.6923076923
3.4	82.6923076923
3.4005	82.6923076923
3.401	82.6923076923
3.4015	82.6923076923
3.402	82.6923076923
3.4025	82.6923076923
3.403	82.6923076923
3.4035	82.6923076923
3.404	82.6923076923
3.4045	82.6923076923
3.405	82.6923076923
3.4055	82.6923076923
3.406	82.6923076923
3.4065	82.6923076923
3.407	82.6923076923
3.4075	82.6923076923
3.408	82.6923076923
3.4085	82.6923076923
3.409	82.6923076923
3.4095	82.6923076923
3.41	82.6923076923
3.4105	82.6923076923
3.411	82.6923076923
3.4115	82.6923076923
3.412	82.6923076923
3.4125	82.6923076923
3.413	82.6923076923
3.4135	82.6923076923
3.414	82.6923076923
3.4145	82.6923076923
3.415	82.6923076923
3.4155	82.6923076923
3.416	82.6923076923
3.4165	82.6923076923
3.417	82.6923076923
3.4175	82.6923076923
3.418	82.6923076923
3.4185	82.6923076923
3.419	82.6923076923
3.4195	82.6923076923
3.42	82.6923076923
3.4205	82.6923076923
3.421	82.6923076923
3.4215	82.6923076923
3.422	82.6923076923
3.4225	82.6923076923
3.423	82.6923076923
3.4235	82.6923076923
3.424	82.6923076923
3.4245	82.6923076923
3.425	82.6923076923
3.4255	82.6923076923
3.426	82.6923076923
3.4265	82.6923076923
3.427	82.6923076923
3.4275	82.6923076923
3.428	82.6923076923
3.4285	82.6923076923
3.429	82.6923076923
3.4295	82.6923076923
3.43	82.6923076923
3.4305	82.6923076923
3.431	82.6923076923
3.4315	82.6923076923
3.432	82.6923076923
3.4325	82.6923076923
3.433	82.6923076923
3.4335	82.6923076923
3.434	82.6923076923
3.4345	82.6923076923
3.435	82.6923076923
3.4355	82.6923076923
3.436	82.6923076923
3.4365	82.6923076923
3.437	82.6923076923
3.4375	82.6923076923
3.438	82.6923076923
3.4385	82.6923076923
3.439	82.6923076923
3.4395	82.6923076923
3.44	82.6923076923
3.4405	82.6923076923
3.441	82.6923076923
3.4415	82.6923076923
3.442	82.6923076923
3.4425	82.6923076923
3.443	82.6923076923
3.4435	82.6923076923
3.444	82.6923076923
3.4445	82.6923076923
3.445	82.6923076923
3.4455	82.6923076923
3.446	82.6923076923
3.4465	82.6923076923
3.447	82.6923076923
3.4475	82.6923076923
3.448	82.6923076923
3.4485	82.6923076923
3.449	82.6923076923
3.4495	82.6923076923
3.45	82.6923076923
3.4505	82.6923076923
3.451	82.6923076923
3.4515	82.6923076923
3.452	82.6923076923
3.4525	82.6923076923
3.453	82.6923076923
3.4535	82.6923076923
3.454	82.6923076923
3.4545	82.6923076923
3.455	82.6923076923
3.4555	82.6923076923
3.456	82.6923076923
3.4565	82.6923076923
3.457	82.6923076923
3.4575	82.6923076923
3.458	82.6923076923
3.4585	82.6923076923
3.459	82.6923076923
3.4595	82.6923076923
3.46	82.6923076923
3.4605	82.6923076923
3.461	82.6923076923
3.4615	82.6923076923
3.462	82.6923076923
3.4625	82.6923076923
3.463	82.6923076923
3.4635	82.6923076923
3.464	82.6923076923
3.4645	82.6923076923
3.465	82.6923076923
3.4655	82.6923076923
3.466	82.6923076923
3.4665	82.6923076923
3.467	82.6923076923
3.4675	82.6923076923
3.468	82.6923076923
3.4685	82.6923076923
3.469	82.6923076923
3.4695	82.6923076923
3.47	82.6923076923
3.4705	82.6923076923
3.471	82.6923076923
3.4715	82.6923076923
3.472	82.6923076923
3.4725	82.6923076923
3.473	82.6923076923
3.4735	82.6923076923
3.474	82.6923076923
3.4745	82.6923076923
3.475	82.6923076923
3.4755	82.6923076923
3.476	82.6923076923
3.4765	82.6923076923
3.477	82.6923076923
3.4775	82.6923076923
3.478	82.6923076923
3.4785	82.6923076923
3.479	82.6923076923
3.4795	82.6923076923
3.48	82.6923076923
3.4805	82.6923076923
3.481	82.6923076923
3.4815	82.6923076923
3.482	82.6923076923
3.4825	82.6923076923
3.483	82.6923076923
3.4835	82.6923076923
3.484	82.6923076923
3.4845	82.6923076923
3.485	82.6923076923
3.4855	82.6923076923
3.486	82.6923076923
3.4865	82.6923076923
3.487	82.6923076923
3.4875	82.6923076923
3.488	82.6923076923
3.4885	82.6923076923
3.489	82.6923076923
3.4895	82.6923076923
3.49	82.6923076923
3.4905	82.6923076923
3.491	82.6923076923
3.4915	82.6923076923
3.492	82.6923076923
3.4925	82.6923076923
3.493	82.6923076923
3.4935	82.6923076923
3.494	82.6923076923
3.4945	82.6923076923
3.495	82.6923076923
3.4955	82.6923076923
3.496	82.6923076923
3.4965	82.6923076923
3.497	82.6923076923
3.4975	82.6923076923
3.498	82.6923076923
3.4985	82.6923076923
3.499	82.6923076923
3.4995	82.6923076923
3.5	82.6923076923
3.5005	82.6923076923
3.501	82.6923076923
3.5015	82.6923076923
3.502	82.6923076923
3.5025	82.6923076923
3.503	82.6923076923
3.5035	82.6923076923
3.504	82.6923076923
3.5045	82.6923076923
3.505	82.6923076923
3.5055	82.6923076923
3.506	82.6923076923
3.5065	82.6923076923
3.507	82.6923076923
3.5075	82.6923076923
3.508	82.6923076923
3.5085	82.6923076923
3.509	82.6923076923
3.5095	82.6923076923
3.51	82.6923076923
3.5105	82.6923076923
3.511	82.6923076923
3.5115	82.6923076923
3.512	82.6923076923
3.5125	82.6923076923
3.513	82.6923076923
3.5135	82.6923076923
3.514	82.6923076923
3.5145	82.6923076923
3.515	82.6923076923
3.5155	82.6923076923
3.516	82.6923076923
3.5165	82.6923076923
3.517	82.6923076923
3.5175	82.6923076923
3.518	82.6923076923
3.5185	82.6923076923
3.519	82.6923076923
3.5195	82.6923076923
3.52	82.6923076923
3.5205	82.6923076923
3.521	82.6923076923
3.5215	82.6923076923
3.522	82.6923076923
3.5225	82.6923076923
3.523	82.6923076923
3.5235	82.6923076923
3.524	82.6923076923
3.5245	82.6923076923
3.525	82.6923076923
3.5255	82.6923076923
3.526	82.6923076923
3.5265	82.6923076923
3.527	82.6923076923
3.5275	82.6923076923
3.528	82.6923076923
3.5285	82.6923076923
3.529	82.6923076923
3.5295	82.6923076923
3.53	82.6923076923
3.5305	82.6923076923
3.531	82.6923076923
3.5315	82.6923076923
3.532	82.6923076923
3.5325	82.6923076923
3.533	82.6923076923
3.5335	82.6923076923
3.534	82.6923076923
3.5345	82.6923076923
3.535	82.6923076923
3.5355	82.6923076923
3.536	82.6923076923
3.5365	82.6923076923
3.537	82.6923076923
3.5375	60.0
3.538	60.0
3.5385	60.0
3.539	60.0
3.5395	60.0
3.54	60.0
3.5405	60.0
3.541	60.0
3.5415	60.0
3.542	60.0
3.5425	60.0
3.543	60.0
3.5435	60.0
3.544	60.0
3.5445	60.0
3.545	60.0
3.5455	60.0
3.546	60.0
3.5465	60.0
3.547	60.0
3.5475	60.0
3.548	60.0
3.5485	60.0
3.549	60.0
3.5495	60.0
3.55	60.0
3.5505	60.0
3.551	60.0
3.5515	60.0
3.552	60.0
3.5525	59.0163934426
3.553	59.0163934426
3.5535	59.0163934426
3.554	59.0163934426
3.5545	59.0163934426
3.555	59.0163934426
3.5555	59.0163934426
3.556	59.0163934426
3.5565	59.0163934426
3.557	59.0163934426
3.5575	59.0163934426
3.558	59.0163934426
3.5585	30.2631578947
3.559	30.2631578947
3.5595	30.2631578947
3.56	30.2631578947
3.5605	30.2631578947
3.561	30.2631578947
3.5615	30.2631578947
3.562	30.2631578947
3.5625	30.2631578947
3.563	30.2631578947
3.5635	30.2631578947
3.564	30.2631578947
3.5645	30.2631578947
3.565	30.2631578947
3.5655	30.2631578947
3.566	30.2631578947
3.5665	30.2631578947
3.567	30.2631578947
3.5675	30.2631578947
3.568	30.2631578947
3.5685	30.2631578947
3.569	30.2631578947
3.5695	30.2631578947
3.57	30.2631578947
3.5705	30.2631578947
3.571	30.2631578947
3.5715	30.2631578947
3.572	30.2631578947
3.5725	30.2631578947
3.573	30.2631578947
3.5735	30.2631578947
3.574	30.2631578947
3.5745	30.2631578947
3.575	30.2631578947
3.5755	30.2631578947
3.576	30.2631578947
3.5765	30.2631578947
3.577	30.2631578947
3.5775	30.2631578947
3.578	30.2631578947
3.5785	30.2631578947
3.579	30.2631578947
3.5795	30.2631578947
3.58	30.2631578947
3.5805	30.2631578947
3.581	30.2631578947
3.5815	30.2631578947
3.582	30.2631578947
3.5825	30.2631578947
3.583	30.2631578947
3.5835	30.2631578947
3.584	30.2631578947
3.5845	30.2631578947
3.585	30.2631578947
3.5855	30.2631578947
3.586	30.2631578947
3.5865	30.2631578947
3.587	30.2631578947
3.5875	30.2631578947
3.588	30.2631578947
3.5885	30.2631578947
3.589	30.2631578947
3.5895	30.2631578947
3.59	30.2631578947
3.5905	30.2631578947
3.591	30.2631578947
3.5915	30.2631578947
3.592	30.2631578947
3.5925	30.2631578947
3.593	30.2631578947
3.5935	30.2631578947
3.594	30.2631578947
3.5945	30.2631578947
3.595	30.2631578947
3.5955	30.2631578947
3.596	30.2631578947
3.5965	30.2631578947
3.597	30.2631578947
3.5975	30.2631578947
3.598	30.2631578947
3.5985	30.2631578947
3.599	30.2631578947
3.5995	30.2631578947
3.6	30.2631578947
3.6005	30.2631578947
3.601	30.2631578947
3.6015	30.2631578947
3.602	30.2631578947
3.6025	30.2631578947
3.603	30.2631578947
3.6035	30.2631578947
3.604	30.2631578947
3.6045	30.2631578947
3.605	30.2631578947
3.6055	30.2631578947
3.606	30.2631578947
3.6065	30.2631578947
3.607	30.2631578947
3.6075	30.2631578947
3.608	30.2631578947
3.6085	30.2631578947
3.609	30.2631578947
3.6095	30.2631578947
3.61	30.2631578947
3.6105	30.2631578947
3.611	30.2631578947
3.6115	30.2631578947
3.612	30.2631578947
3.6125	30.2631578947
3.613	30.2631578947
3.6135	30.2631578947
3.614	30.2631578947
3.6145	30.2631578947
3.615	30.2631578947
3.6155	30.2631578947
3.616	30.2631578947
3.6165	30.2631578947
3.617	30.2631578947
3.6175	30.2631578947
3.618	30.2631578947
3.6185	30.2631578947
3.619	30.2631578947
3.6195	30.2631578947
3.62	30.2631578947
3.6205	30.2631578947
3.621	30.2631578947
3.6215	30.2631578947
3.622	30.2631578947
3.6225	30.2631578947
3.623	30.2631578947
3.6235	30.2631578947
3.624	30.2631578947
3.6245	30.2631578947
3.625	30.2631578947
3.6255	30.2631578947
3.626	30.2631578947
3.6265	30.2631578947
3.627	30.2631578947
3.6275	30.2631578947
3.628	30.2631578947
3.6285	30.2631578947
3.629	30.2631578947
3.6295	30.2631578947
3.63	30.2631578947
3.6305	30.2631578947
3.631	30.2631578947
3.6315	30.2631578947
3.632	30.2631578947
3.6325	30.2631578947
3.633	30.2631578947
3.6335	30.2631578947
3.634	30.2631578947
3.6345	30.2631578947
3.635	30.2631578947
3.6355	30.2631578947
3.636	30.2631578947
3.6365	30.2631578947
3.637	30.2631578947
3.6375	30.2631578947
3.638	30.2631578947
3.6385	30.2631578947
3.639	30.2631578947
3.6395	30.2631578947
3.64	30.2631578947
3.6405	30.2631578947
3.641	30.2631578947
3.6415	30.2631578947
3.642	30.2631578947
3.6425	30.2631578947
3.643	30.2631578947
3.6435	30.2631578947
3.644	30.2631578947
3.6445	30.2631578947
3.645	30.2631578947
3.6455	30.2631578947
3.646	30.2631578947
3.6465	30.2631578947
3.647	30.2631578947
3.6475	30.2631578947
3.648	30.2631578947
3.6485	30.2631578947
3.649	30.2631578947
3.6495	30.2631578947
3.65	30.2631578947
3.6505	30.2631578947
3.651	30.2631578947
3.6515	30.2631578947
3.652	30.2631578947
3.6525	30.2631578947
3.653	30.2631578947
3.6535	30.2631578947
3.654	30.2631578947
3.6545	30.2631578947
3.655	30.2631578947
3.6555	30.2631578947
3.656	30.2631578947
3.6565	30.2631578947
3.657	30.2631578947
3.6575	30.2631578947
3.658	30.2631578947
3.6585	30.2631578947
3.659	30.2631578947
3.6595	30.2631578947
3.66	30.2631578947
3.6605	30.2631578947
3.661	30.2631578947
3.6615	30.2631578947
3.662	30.2631578947
3.6625	30.2631578947
3.663	30.2631578947
3.6635	30.2631578947
3.664	30.2631578947
3.6645	30.2631578947
3.665	30.2631578947
3.6655	30.2631578947
3.666	30.2631578947
3.6665	30.2631578947
3.667	30.2631578947
3.6675	30.2631578947
3.668	30.2631578947
3.6685	30.2631578947
3.669	30.2631578947
3.6695	30.2631578947
3.67	30.2631578947
3.6705	30.2631578947
3.671	30.2631578947
3.6715	30.2631578947
3.672	30.2631578947
3.6725	30.2631578947
3.673	30.2631578947
3.6735	30.2631578947
3.674	30.2631578947
3.6745	30.2631578947
3.675	30.2631578947
3.6755	30.2631578947
3.676	30.2631578947
3.6765	30.2631578947
3.677	30.2631578947
3.6775	30.2631578947
3.678	30.2631578947
3.6785	30.2631578947
3.679	30.2631578947
3.6795	30.2631578947
3.68	30.2631578947
3.6805	30.2631578947
3.681	30.2631578947
3.6815	30.2631578947
3.682	30.2631578947
3.6825	30.2631578947
3.683	30.2631578947
3.6835	30.2631578947
3.684	30.2631578947
3.6845	30.2631578947
3.685	30.2631578947
3.6855	30.2631578947
3.686	30.2631578947
3.6865	30.2631578947
3.687	30.2631578947
3.6875	30.2631578947
3.688	30.2631578947
3.6885	30.2631578947
3.689	30.2631578947
3.6895	30.2631578947
3.69	30.2631578947
3.6905	30.2631578947
3.691	30.2631578947
3.6915	30.2631578947
3.692	30.2631578947
3.6925	30.2631578947
3.693	30.2631578947
3.6935	30.2631578947
3.694	30.2631578947
3.6945	30.2631578947
3.695	30.2631578947
3.6955	30.2631578947
3.696	30.2631578947
3.6965	30.2631578947
3.697	30.2631578947
3.6975	30.2631578947
3.698	30.2631578947
3.6985	30.2631578947
3.699	30.2631578947
3.6995	30.2631578947
3.7	30.2631578947
3.7005	30.2631578947
3.701	30.2631578947
3.7015	30.2631578947
3.702	30.2631578947
3.7025	30.2631578947
3.703	30.2631578947
3.7035	30.2631578947
3.704	30.2631578947
3.7045	30.2631578947
3.705	30.2631578947
3.7055	30.2631578947
3.706	30.2631578947
3.7065	30.2631578947
3.707	30.2631578947
3.7075	30.2631578947
3.708	30.2631578947
3.7085	30.2631578947
3.709	30.2631578947
3.7095	30.2631578947
3.71	30.2631578947
3.7105	30.2631578947
3.711	30.2631578947
3.7115	30.2631578947
3.712	30.2631578947
3.7125	30.2631578947
3.713	30.2631578947
3.7135	30.2631578947
3.714	30.2631578947
3.7145	30.2631578947
3.715	30.2631578947
3.7155	30.2631578947
3.716	30.2631578947
3.7165	30.2631578947
3.717	30.2631578947
3.7175	30.2631578947
3.718	30.2631578947
3.7185	30.2631578947
3.719	30.2631578947
3.7195	30.2631578947
3.72	30.2631578947
3.7205	30.2631578947
3.721	30.2631578947
3.7215	30.2631578947
3.722	30.2631578947
3.7225	30.2631578947
3.723	30.2631578947
3.7235	30.2631578947
3.724	30.2631578947
3.7245	30.2631578947
3.725	30.2631578947
3.7255	30.2631578947
3.726	30.2631578947
3.7265	30.2631578947
3.727	30.2631578947
3.7275	30.2631578947
3.728	30.2631578947
3.7285	30.2631578947
3.729	30.2631578947
3.7295	30.2631578947
3.73	30.2631578947
3.7305	30.2631578947
3.731	30.2631578947
3.7315	30.2631578947
3.732	30.2631578947
3.7325	30.2631578947
3.733	30.2631578947
3.7335	30.2631578947
3.734	30.2631578947
3.7345	30.2631578947
3.735	30.2631578947
3.7355	30.2631578947
3.736	30.2631578947
3.7365	30.2631578947
3.737	30.2631578947
3.7375	30.2631578947
3.738	30.2631578947
3.7385	30.2631578947
3.739	30.2631578947
3.7395	30.2631578947
3.74	30.2631578947
3.7405	30.2631578947
3.741	30.2631578947
3.7415	30.2631578947
3.742	30.2631578947
3.7425	30.2631578947
3.743	30.2631578947
3.7435	30.2631578947
3.744	30.2631578947
3.7445	30.2631578947
3.745	30.2631578947
3.7455	30.2631578947
3.746	30.2631578947
3.7465	30.2631578947
3.747	30.2631578947
3.7475	30.2631578947
3.748	30.2631578947
3.7485	30.2631578947
3.749	30.2631578947
3.7495	30.2631578947
3.75	30.2631578947
3.7505	30.2631578947
3.751	30.2631578947
3.7515	30.2631578947
3.752	30.2631578947
3.7525	30.2631578947
3.753	30.2631578947
3.7535	30.2631578947
3.754	30.2631578947
3.7545	30.2631578947
3.755	30.2631578947
3.7555	30.2631578947
3.756	30.2631578947
3.7565	30.2631578947
3.757	30.2631578947
3.7575	30.2631578947
3.758	30.2631578947
3.7585	30.2631578947
3.759	30.2631578947
3.7595	30.2631578947
3.76	30.2631578947
3.7605	30.2631578947
3.761	30.2631578947
3.7615	30.2631578947
3.762	30.2631578947
3.7625	30.2631578947
3.763	30.2631578947
3.7635	30.2631578947
3.764	30.2631578947
3.7645	30.2631578947
3.765	30.2631578947
3.7655	30.2631578947
3.766	30.2631578947
3.7665	30.2631578947
3.767	30.2631578947
3.7675	30.2631578947
3.768	30.2631578947
3.7685	30.2631578947
3.769	30.2631578947
3.7695	30.2631578947
3.77	30.2631578947
3.7705	30.2631578947
3.771	30.2631578947
3.7715	30.2631578947
3.772	30.2631578947
3.7725	30.2631578947
3.773	30.2631578947
3.7735	30.2631578947
3.774	30.2631578947
3.7745	30.2631578947
3.775	30.2631578947
3.7755	30.2631578947
3.776	30.2631578947
3.7765	30.2631578947
3.777	30.2631578947
3.7775	30.2631578947
3.778	30.2631578947
3.7785	30.2631578947
3.779	30.2631578947
3.7795	30.2631578947
3.78	30.2631578947
3.7805	30.2631578947
3.781	30.2631578947
3.7815	30.2631578947
3.782	30.2631578947
3.7825	30.2631578947
3.783	30.2631578947
3.7835	30.2631578947
3.784	30.2631578947
3.7845	30.2631578947
3.785	30.2631578947
3.7855	30.2631578947
3.786	30.2631578947
3.7865	30.2631578947
3.787	30.2631578947
3.7875	30.2631578947
3.788	30.2631578947
3.7885	30.2631578947
3.789	30.2631578947
3.7895	30.2631578947
3.79	30.2631578947
3.7905	30.2631578947
3.791	30.2631578947
3.7915	30.2631578947
3.792	30.2631578947
3.7925	30.2631578947
3.793	30.2631578947
3.7935	30.2631578947
3.794	30.2631578947
3.7945	30.2631578947
3.795	30.2631578947
3.7955	30.2631578947
3.796	30.2631578947
3.7965	30.2631578947
3.797	30.2631578947
3.7975	30.2631578947
3.798	30.2631578947
3.7985	30.2631578947
3.799	7.44680851064
3.7995	7.44680851064
3.8	7.44680851064
3.8005	7.44680851064
3.801	7.44680851064
3.8015	7.44680851064
3.802	7.44680851064
3.8025	7.44680851064
3.803	7.44680851064
3.8035	7.44680851064
3.804	7.44680851064
3.8045	7.44680851064
3.805	7.44680851064
3.8055	7.44680851064
3.806	7.44680851064
3.8065	7.44680851064
3.807	7.44680851064
3.8075	7.44680851064
3.808	7.44680851064
3.8085	7.44680851064
3.809	7.44680851064
3.8095	7.44680851064
3.81	7.44680851064
3.8105	7.44680851064
3.811	7.44680851064
3.8115	7.44680851064
3.812	7.44680851064
3.8125	7.44680851064
3.813	7.44680851064
3.8135	7.44680851064
3.814	7.44680851064
3.8145	7.44680851064
3.815	7.44680851064
3.8155	7.44680851064
3.816	7.44680851064
3.8165	7.44680851064
3.817	7.44680851064
3.8175	7.44680851064
3.818	7.44680851064
3.8185	7.44680851064
3.819	7.44680851064
3.8195	7.44680851064
3.82	7.44680851064
3.8205	7.44680851064
3.821	7.44680851064
3.8215	7.44680851064
3.822	7.44680851064
3.8225	7.44680851064
3.823	7.44680851064
3.8235	7.44680851064
3.824	7.44680851064
3.8245	7.44680851064
3.825	7.44680851064
3.8255	7.44680851064
3.826	7.44680851064
3.8265	7.44680851064
3.827	7.44680851064
3.8275	7.44680851064
3.828	7.44680851064
3.8285	7.44680851064
3.829	7.44680851064
3.8295	7.44680851064
3.83	7.44680851064
3.8305	7.44680851064
3.831	7.44680851064
3.8315	7.44680851064
3.832	7.44680851064
3.8325	7.44680851064
3.833	7.44680851064
3.8335	7.44680851064
3.834	7.44680851064
3.8345	7.44680851064
3.835	7.44680851064
3.8355	7.44680851064
3.836	7.44680851064
3.8365	7.44680851064
3.837	7.44680851064
3.8375	7.44680851064
3.838	0.980392156863
3.8385	0.980392156863
3.839	0.980392156863
3.8395	0.980392156863
3.84	0.980392156863
3.8405	0.980392156863
3.841	0.980392156863
3.8415	0.980392156863
3.842	0.980392156863
3.8425	0.980392156863
3.843	0.980392156863
3.8435	0.980392156863
3.844	0.980392156863
3.8445	0.980392156863
3.845	0.980392156863
3.8455	0.980392156863
3.846	0.980392156863
3.8465	0.980392156863
3.847	0.980392156863
3.8475	0.980392156863
3.848	0.980392156863
3.8485	0.980392156863
3.849	0.980392156863
3.8495	0.980392156863
3.85	0.980392156863
3.8505	0.980392156863
3.851	0.980392156863
3.8515	0.980392156863
3.852	0.980392156863
3.8525	0.980392156863
3.853	0.980392156863
3.8535	0.980392156863
3.854	0.980392156863
3.8545	0.980392156863
3.855	0.980392156863
3.8555	0.980392156863
3.856	0.980392156863
3.8565	0.980392156863
3.857	0.980392156863
3.8575	0.980392156863
3.858	0.980392156863
3.8585	0.980392156863
3.859	0.980392156863
3.8595	0.980392156863
3.86	0.980392156863
3.8605	0.980392156863
3.861	0.980392156863
3.8615	0.980392156863
3.862	0.980392156863
3.8625	0.980392156863
3.863	0.980392156863
3.8635	0.980392156863
3.864	0.980392156863
3.8645	0.980392156863
3.865	0.980392156863
3.8655	0.980392156863
3.866	0.980392156863
3.8665	0.980392156863
3.867	0.980392156863
3.8675	0.980392156863
3.868	0.980392156863
3.8685	0.980392156863
3.869	0.980392156863
3.8695	0.980392156863
3.87	0.980392156863
3.8705	0.980392156863
3.871	0.980392156863
3.8715	0.980392156863
3.872	0.980392156863
3.8725	0.980392156863
3.873	0.980392156863
3.8735	0.980392156863
3.874	0.980392156863
3.8745	0.980392156863
3.875	0.980392156863
3.8755	0.980392156863
3.876	0.980392156863
3.8765	0.980392156863
3.877	0.980392156863
3.8775	0.980392156863
3.878	0.980392156863
3.8785	0.980392156863
3.879	0.980392156863
3.8795	0.980392156863
3.88	0.980392156863
3.8805	0.980392156863
3.881	0.980392156863
3.8815	0.980392156863
3.882	0.980392156863
3.8825	0.980392156863
3.883	0.980392156863
3.8835	0.980392156863
3.884	0.980392156863
3.8845	0.980392156863
3.885	0.980392156863
3.8855	0.980392156863
3.886	0.980392156863
3.8865	0.980392156863
3.887	0.980392156863
3.8875	0.980392156863
3.888	0.980392156863
3.8885	0.980392156863
3.889	0.980392156863
3.8895	0.980392156863
3.89	0.980392156863
3.8905	0.980392156863
3.891	0.980392156863
3.8915	0.980392156863
3.892	0.980392156863
3.8925	0.980392156863
3.893	0.980392156863
3.8935	0.980392156863
3.894	0.980392156863
3.8945	0.980392156863
3.895	0.980392156863
3.8955	0.980392156863
3.896	0.980392156863
3.8965	0.980392156863
3.897	0.980392156863
3.8975	0.980392156863
3.898	0.980392156863
3.8985	0.980392156863
3.899	0.980392156863
3.8995	0.980392156863
3.9	0.980392156863
3.9005	0.980392156863
3.901	0.980392156863
3.9015	0.980392156863
3.902	0.980392156863
3.9025	0.980392156863
3.903	0.980392156863
3.9035	0.980392156863
3.904	0.980392156863
3.9045	0.980392156863
3.905	0.980392156863
3.9055	0.980392156863
3.906	0.980392156863
3.9065	0.980392156863
3.907	0.980392156863
3.9075	0.980392156863
3.908	0.980392156863
3.9085	0.980392156863
3.909	0.980392156863
3.9095	0.980392156863
3.91	0.980392156863
3.9105	0.980392156863
3.911	0.980392156863
3.9115	0.980392156863
3.912	0.980392156863
3.9125	0.980392156863
3.913	0.980392156863
3.9135	0.980392156863
3.914	0.980392156863
3.9145	0.980392156863
3.915	0.980392156863
3.9155	0.980392156863
3.916	0.980392156863
3.9165	0.980392156863
3.917	0.980392156863
3.9175	0.980392156863
3.918	0.980392156863
3.9185	0.980392156863
3.919	0.980392156863
3.9195	0.980392156863
3.92	0.980392156863
3.9205	0.980392156863
3.921	0.980392156863
3.9215	0.980392156863
3.922	0.980392156863
3.9225	0.980392156863
3.923	0.980392156863
3.9235	0.980392156863
3.924	0.980392156863
3.9245	0.980392156863
3.925	0.980392156863
3.9255	0.980392156863
3.926	0.980392156863
3.9265	0.980392156863
3.927	0.980392156863
3.9275	0.980392156863
3.928	0.980392156863
3.9285	0.980392156863
3.929	0.980392156863
3.9295	0.980392156863
3.93	0.980392156863
3.9305	0.980392156863
3.931	0.980392156863
3.9315	0.980392156863
3.932	0.980392156863
3.9325	0.980392156863
3.933	0.980392156863
3.9335	0.980392156863
3.934	0.980392156863
3.9345	0.980392156863
3.935	0.980392156863
3.9355	0.980392156863
3.936	0.980392156863
3.9365	0.980392156863
3.937	0.980392156863
3.9375	0.980392156863
3.938	0.980392156863
3.9385	0.980392156863
3.939	0.980392156863
3.9395	0.980392156863
3.94	0.980392156863
3.9405	0.980392156863
3.941	0.980392156863
3.9415	0.980392156863
3.942	0.980392156863
3.9425	0.980392156863
3.943	0.980392156863
3.9435	0.980392156863
3.944	0.980392156863
3.9445	0.980392156863
3.945	0.980392156863
3.9455	0.980392156863
3.946	0.980392156863
3.9465	0.980392156863
3.947	0.980392156863
3.9475	0.980392156863
3.948	0.980392156863
3.9485	0.980392156863
3.949	0.980392156863
3.9495	0.980392156863
3.95	0.980392156863
3.9505	0.980392156863
3.951	0.980392156863
3.9515	0.980392156863
3.952	0.980392156863
3.9525	0.980392156863
3.953	0.980392156863
3.9535	0.980392156863
3.954	0.980392156863
3.9545	0.980392156863
3.955	0.980392156863
3.9555	0.980392156863
3.956	0.980392156863
3.9565	0.980392156863
3.957	0.980392156863
3.9575	0.980392156863
3.958	0.980392156863
3.9585	0.980392156863
3.959	0.980392156863
3.9595	0.980392156863
3.96	0.980392156863
3.9605	0.980392156863
3.961	0.980392156863
3.9615	0.980392156863
3.962	0.980392156863
3.9625	0.980392156863
3.963	0.980392156863
3.9635	0.980392156863
3.964	0.980392156863
3.9645	0.980392156863
3.965	0.980392156863
3.9655	0.980392156863
3.966	0.980392156863
3.9665	0.980392156863
3.967	0.980392156863
3.9675	0.980392156863
3.968	0.980392156863
3.9685	0.980392156863
3.969	0.980392156863
3.9695	0.980392156863
3.97	0.980392156863
3.9705	0.980392156863
3.971	0.980392156863
3.9715	0.980392156863
3.972	0.980392156863
3.9725	0.980392156863
3.973	0.980392156863
3.9735	0.980392156863
3.974	0.980392156863
3.9745	0.980392156863
3.975	0.980392156863
3.9755	0.980392156863
3.976	0.980392156863
3.9765	0.980392156863
3.977	0.980392156863
3.9775	0.980392156863
3.978	0.980392156863
3.9785	0.980392156863
3.979	0.980392156863
3.9795	0.980392156863
3.98	0.980392156863
3.9805	0.980392156863
3.981	0.980392156863
3.9815	0.980392156863
3.982	0.980392156863
3.9825	0.980392156863
3.983	0.980392156863
3.9835	0.980392156863
3.984	0.980392156863
3.9845	0.980392156863
3.985	0.980392156863
3.9855	0.980392156863
3.986	0.980392156863
3.9865	0.980392156863
3.987	0.980392156863
3.9875	0.980392156863
3.988	0.980392156863
3.9885	0.980392156863
3.989	0.980392156863
3.9895	0.980392156863
3.99	0.980392156863
3.9905	0.980392156863
3.991	0.980392156863
3.9915	0.980392156863
3.992	0.980392156863
3.9925	0.980392156863
3.993	0.980392156863
3.9935	0.980392156863
3.994	0.980392156863
3.9945	0.980392156863
3.995	0.980392156863
3.9955	0.980392156863
3.996	0.980392156863
3.9965	0.980392156863
3.997	0.980392156863
3.9975	0.980392156863
3.998	0.980392156863
3.9985	0.980392156863
3.999	0.980392156863
3.9995	0.980392156863
4.0	0.980392156863
4.0005	0.980392156863
4.001	0.980392156863
4.0015	0.980392156863
4.002	0.980392156863
4.0025	0.980392156863
4.003	0.980392156863
4.0035	0.980392156863
4.004	0.980392156863
4.0045	0.980392156863
4.005	0.980392156863
4.0055	0.980392156863
4.006	0.980392156863
4.0065	0.980392156863
4.007	0.980392156863
4.0075	0.980392156863
4.008	0.980392156863
4.0085	0.980392156863
4.009	0.980392156863
4.0095	0.980392156863
4.01	0.980392156863
4.0105	0.980392156863
4.011	0.980392156863
4.0115	0.980392156863
4.012	0.980392156863
4.0125	0.980392156863
4.013	0.980392156863
4.0135	0.980392156863
4.014	0.980392156863
4.0145	0.980392156863
4.015	0.980392156863
4.0155	0.980392156863
4.016	0.980392156863
4.0165	0.980392156863
4.017	0.980392156863
4.0175	0.980392156863
4.018	0.980392156863
4.0185	0.980392156863
4.019	0.980392156863
4.0195	0.980392156863
4.02	0.980392156863
4.0205	0.980392156863
4.021	0.980392156863
4.0215	0.980392156863
4.022	0.980392156863
4.0225	0.980392156863
4.023	0.980392156863
4.0235	0.980392156863
4.024	0.980392156863
4.0245	0.980392156863
4.025	0.980392156863
4.0255	0.980392156863
4.026	0.980392156863
4.0265	0.980392156863
4.027	0.980392156863
4.0275	0.980392156863
4.028	0.980392156863
4.0285	0.980392156863
4.029	0.980392156863
4.0295	0.980392156863
4.03	0.980392156863
4.0305	0.980392156863
4.031	0.980392156863
4.0315	0.980392156863
4.032	0.980392156863
4.0325	0.980392156863
4.033	0.980392156863
4.0335	0.980392156863
4.034	0.980392156863
4.0345	0.980392156863
4.035	0.980392156863
4.0355	0.980392156863
4.036	0.980392156863
4.0365	0.980392156863
4.037	0.980392156863
4.0375	0.980392156863
4.038	0.980392156863
4.0385	0.980392156863
4.039	0.980392156863
4.0395	0.980392156863
4.04	0.980392156863
4.0405	0.980392156863
4.041	0.980392156863
4.0415	0.980392156863
4.042	0.980392156863
4.0425	0.980392156863
4.043	0.980392156863
4.0435	0.980392156863
4.044	0.980392156863
4.0445	0.980392156863
4.045	0.980392156863
4.0455	0.980392156863
4.046	0.980392156863
4.0465	0.980392156863
4.047	0.980392156863
4.0475	0.980392156863
4.048	0.980392156863
4.0485	0.980392156863
4.049	0.980392156863
4.0495	0.980392156863
4.05	0.980392156863
4.0505	0.980392156863
4.051	0.980392156863
4.0515	0.980392156863
4.052	0.980392156863
4.0525	0.980392156863
4.053	0.980392156863
4.0535	0.980392156863
4.054	0.980392156863
4.0545	0.980392156863
4.055	0.980392156863
4.0555	0.980392156863
4.056	0.980392156863
4.0565	0.980392156863
4.057	0.980392156863
4.0575	0.980392156863
4.058	0.980392156863
4.0585	0.980392156863
4.059	0.980392156863
4.0595	0.980392156863
4.06	0.980392156863
4.0605	0.980392156863
4.061	0.980392156863
4.0615	0.980392156863
4.062	0.970873786408
4.0625	0.970873786408
4.063	0.970873786408
4.0635	0.970873786408
4.064	0.970873786408
4.0645	0.970873786408
4.065	0.970873786408
4.0655	0.970873786408
4.066	0.970873786408
4.0665	0.970873786408
4.067	0.970873786408
4.0675	0.970873786408
4.068	0.970873786408
4.0685	0.970873786408
4.069	0.970873786408
4.0695	0.970873786408
4.07	0.970873786408
4.0705	0.970873786408
4.071	0.970873786408
4.0715	0.970873786408
4.072	0.970873786408
4.0725	0.970873786408
4.073	0.970873786408
4.0735	0.970873786408
4.074	0.970873786408
4.0745	0.970873786408
4.075	0.970873786408
4.0755	0.970873786408
4.076	0.970873786408
4.0765	0.970873786408
4.077	0.970873786408
4.0775	0.970873786408
4.078	0.970873786408
4.0785	0.970873786408
4.079	0.970873786408
