rCut Vs Percentages	Au38_Au38_original_Au38_twist_z_axis_30_degrees_rCut_2.884_4.0786-0.0005_CNA_tolerance_0
2.884	0.0
2.8845	0.0
2.885	5.26315789474
2.8855	5.26315789474
2.886	5.26315789474
2.8865	5.26315789474
2.887	5.26315789474
2.8875	5.26315789474
2.888	5.26315789474
2.8885	5.26315789474
2.889	5.26315789474
2.8895	5.26315789474
2.89	5.26315789474
2.8905	5.26315789474
2.891	5.26315789474
2.8915	5.26315789474
2.892	5.26315789474
2.8925	5.26315789474
2.893	5.26315789474
2.8935	5.26315789474
2.894	5.26315789474
2.8945	5.26315789474
2.895	5.26315789474
2.8955	5.26315789474
2.896	5.26315789474
2.8965	5.26315789474
2.897	5.26315789474
2.8975	5.26315789474
2.898	5.26315789474
2.8985	5.26315789474
2.899	5.26315789474
2.8995	5.26315789474
2.9	5.26315789474
2.9005	5.26315789474
2.901	5.26315789474
2.9015	5.26315789474
2.902	5.26315789474
2.9025	5.26315789474
2.903	5.26315789474
2.9035	5.26315789474
2.904	5.26315789474
2.9045	5.26315789474
2.905	5.26315789474
2.9055	5.26315789474
2.906	5.26315789474
2.9065	5.26315789474
2.907	5.26315789474
2.9075	5.26315789474
2.908	5.26315789474
2.9085	5.26315789474
2.909	5.26315789474
2.9095	5.26315789474
2.91	5.26315789474
2.9105	5.26315789474
2.911	5.26315789474
2.9115	5.26315789474
2.912	5.26315789474
2.9125	5.26315789474
2.913	5.26315789474
2.9135	5.26315789474
2.914	5.26315789474
2.9145	5.26315789474
2.915	5.26315789474
2.9155	5.26315789474
2.916	5.26315789474
2.9165	5.26315789474
2.917	5.26315789474
2.9175	5.26315789474
2.918	5.26315789474
2.9185	5.26315789474
2.919	5.26315789474
2.9195	5.26315789474
2.92	5.26315789474
2.9205	5.26315789474
2.921	5.26315789474
2.9215	5.26315789474
2.922	5.26315789474
2.9225	5.26315789474
2.923	5.26315789474
2.9235	5.26315789474
2.924	5.26315789474
2.9245	5.26315789474
2.925	5.26315789474
2.9255	5.26315789474
2.926	5.26315789474
2.9265	5.26315789474
2.927	5.26315789474
2.9275	5.26315789474
2.928	5.26315789474
2.9285	5.26315789474
2.929	5.26315789474
2.9295	5.26315789474
2.93	5.26315789474
2.9305	5.26315789474
2.931	5.26315789474
2.9315	5.26315789474
2.932	5.26315789474
2.9325	5.26315789474
2.933	5.26315789474
2.9335	5.26315789474
2.934	5.26315789474
2.9345	5.26315789474
2.935	5.26315789474
2.9355	5.26315789474
2.936	5.26315789474
2.9365	5.26315789474
2.937	5.26315789474
2.9375	5.26315789474
2.938	5.26315789474
2.9385	5.26315789474
2.939	5.26315789474
2.9395	5.26315789474
2.94	5.26315789474
2.9405	5.26315789474
2.941	5.26315789474
2.9415	5.26315789474
2.942	5.26315789474
2.9425	5.26315789474
2.943	5.26315789474
2.9435	5.26315789474
2.944	5.26315789474
2.9445	5.26315789474
2.945	5.26315789474
2.9455	5.26315789474
2.946	5.26315789474
2.9465	5.26315789474
2.947	5.26315789474
2.9475	5.26315789474
2.948	5.26315789474
2.9485	5.26315789474
2.949	5.26315789474
2.9495	5.26315789474
2.95	5.26315789474
2.9505	5.26315789474
2.951	5.26315789474
2.9515	5.26315789474
2.952	5.26315789474
2.9525	5.26315789474
2.953	5.26315789474
2.9535	5.26315789474
2.954	5.26315789474
2.9545	5.26315789474
2.955	5.26315789474
2.9555	5.26315789474
2.956	5.26315789474
2.9565	5.26315789474
2.957	5.26315789474
2.9575	5.26315789474
2.958	5.26315789474
2.9585	5.26315789474
2.959	5.26315789474
2.9595	5.26315789474
2.96	5.26315789474
2.9605	5.26315789474
2.961	5.26315789474
2.9615	5.26315789474
2.962	5.26315789474
2.9625	5.26315789474
2.963	5.26315789474
2.9635	5.26315789474
2.964	5.26315789474
2.9645	5.26315789474
2.965	5.26315789474
2.9655	5.26315789474
2.966	5.26315789474
2.9665	5.26315789474
2.967	5.26315789474
2.9675	5.26315789474
2.968	5.26315789474
2.9685	5.26315789474
2.969	5.26315789474
2.9695	5.26315789474
2.97	5.26315789474
2.9705	5.26315789474
2.971	5.26315789474
2.9715	5.26315789474
2.972	5.26315789474
2.9725	5.26315789474
2.973	5.26315789474
2.9735	5.26315789474
2.974	5.26315789474
2.9745	5.26315789474
2.975	5.26315789474
2.9755	5.26315789474
2.976	5.26315789474
2.9765	5.26315789474
2.977	5.26315789474
2.9775	5.26315789474
2.978	5.26315789474
2.9785	5.26315789474
2.979	5.26315789474
2.9795	5.26315789474
2.98	5.26315789474
2.9805	5.26315789474
2.981	5.26315789474
2.9815	5.26315789474
2.982	4.91803278689
2.9825	4.91803278689
2.983	4.91803278689
2.9835	4.91803278689
2.984	4.91803278689
2.9845	4.91803278689
2.985	4.91803278689
2.9855	4.91803278689
2.986	4.91803278689
2.9865	4.91803278689
2.987	4.91803278689
2.9875	4.91803278689
2.988	4.91803278689
2.9885	4.91803278689
2.989	4.91803278689
2.9895	4.91803278689
2.99	4.91803278689
2.9905	4.91803278689
2.991	4.91803278689
2.9915	4.91803278689
2.992	4.91803278689
2.9925	4.91803278689
2.993	4.91803278689
2.9935	4.91803278689
2.994	4.91803278689
2.9945	4.91803278689
2.995	4.91803278689
2.9955	4.91803278689
2.996	4.91803278689
2.9965	4.91803278689
2.997	4.91803278689
2.9975	4.91803278689
2.998	4.91803278689
2.9985	4.91803278689
2.999	4.91803278689
2.9995	4.91803278689
3.0	4.91803278689
3.0005	4.91803278689
3.001	4.91803278689
3.0015	4.91803278689
3.002	4.91803278689
3.0025	4.91803278689
3.003	4.91803278689
3.0035	4.91803278689
3.004	4.91803278689
3.0045	4.91803278689
3.005	4.91803278689
3.0055	4.91803278689
3.006	4.91803278689
3.0065	4.91803278689
3.007	4.91803278689
3.0075	4.91803278689
3.008	4.91803278689
3.0085	4.91803278689
3.009	4.91803278689
3.0095	4.91803278689
3.01	4.91803278689
3.0105	4.91803278689
3.011	4.91803278689
3.0115	4.91803278689
3.012	4.91803278689
3.0125	4.91803278689
3.013	4.91803278689
3.0135	4.91803278689
3.014	4.91803278689
3.0145	4.91803278689
3.015	4.91803278689
3.0155	4.91803278689
3.016	4.91803278689
3.0165	4.91803278689
3.017	4.91803278689
3.0175	4.91803278689
3.018	4.91803278689
3.0185	4.91803278689
3.019	4.91803278689
3.0195	4.91803278689
3.02	4.91803278689
3.0205	4.91803278689
3.021	4.91803278689
3.0215	4.91803278689
3.022	4.91803278689
3.0225	4.91803278689
3.023	4.91803278689
3.0235	4.91803278689
3.024	4.91803278689
3.0245	4.91803278689
3.025	4.91803278689
3.0255	4.91803278689
3.026	4.91803278689
3.0265	4.91803278689
3.027	4.91803278689
3.0275	4.91803278689
3.028	4.91803278689
3.0285	4.91803278689
3.029	4.91803278689
3.0295	4.91803278689
3.03	4.91803278689
3.0305	4.91803278689
3.031	4.91803278689
3.0315	4.91803278689
3.032	4.91803278689
3.0325	4.91803278689
3.033	4.91803278689
3.0335	4.91803278689
3.034	4.91803278689
3.0345	4.91803278689
3.035	4.91803278689
3.0355	4.91803278689
3.036	4.91803278689
3.0365	4.91803278689
3.037	4.91803278689
3.0375	4.91803278689
3.038	4.91803278689
3.0385	4.91803278689
3.039	4.91803278689
3.0395	4.91803278689
3.04	4.91803278689
3.0405	4.91803278689
3.041	4.91803278689
3.0415	4.91803278689
3.042	4.91803278689
3.0425	4.91803278689
3.043	4.91803278689
3.0435	4.91803278689
3.044	4.91803278689
3.0445	4.91803278689
3.045	4.91803278689
3.0455	4.91803278689
3.046	4.91803278689
3.0465	4.91803278689
3.047	4.91803278689
3.0475	4.91803278689
3.048	4.91803278689
3.0485	4.91803278689
3.049	4.91803278689
3.0495	4.91803278689
3.05	4.91803278689
3.0505	4.91803278689
3.051	4.91803278689
3.0515	4.91803278689
3.052	4.91803278689
3.0525	4.91803278689
3.053	4.91803278689
3.0535	4.91803278689
3.054	4.91803278689
3.0545	4.91803278689
3.055	4.91803278689
3.0555	4.91803278689
3.056	4.91803278689
3.0565	4.91803278689
3.057	4.91803278689
3.0575	4.91803278689
3.058	4.91803278689
3.0585	4.91803278689
3.059	4.91803278689
3.0595	4.91803278689
3.06	4.91803278689
3.0605	4.91803278689
3.061	4.91803278689
3.0615	4.91803278689
3.062	4.91803278689
3.0625	4.91803278689
3.063	4.91803278689
3.0635	4.91803278689
3.064	4.91803278689
3.0645	4.91803278689
3.065	4.91803278689
3.0655	4.91803278689
3.066	4.91803278689
3.0665	4.91803278689
3.067	4.91803278689
3.0675	4.91803278689
3.068	4.91803278689
3.0685	4.91803278689
3.069	4.91803278689
3.0695	4.91803278689
3.07	4.91803278689
3.0705	4.91803278689
3.071	4.91803278689
3.0715	4.91803278689
3.072	4.91803278689
3.0725	4.91803278689
3.073	4.91803278689
3.0735	4.91803278689
3.074	4.91803278689
3.0745	4.91803278689
3.075	4.91803278689
3.0755	4.91803278689
3.076	4.91803278689
3.0765	4.91803278689
3.077	4.91803278689
3.0775	4.91803278689
3.078	4.91803278689
3.0785	4.91803278689
3.079	4.91803278689
3.0795	4.91803278689
3.08	4.91803278689
3.0805	4.91803278689
3.081	4.91803278689
3.0815	4.91803278689
3.082	4.91803278689
3.0825	4.91803278689
3.083	4.91803278689
3.0835	4.91803278689
3.084	4.91803278689
3.0845	4.91803278689
3.085	4.91803278689
3.0855	4.91803278689
3.086	4.91803278689
3.0865	4.91803278689
3.087	4.91803278689
3.0875	4.91803278689
3.088	4.91803278689
3.0885	4.91803278689
3.089	4.91803278689
3.0895	4.91803278689
3.09	4.91803278689
3.0905	4.91803278689
3.091	4.91803278689
3.0915	4.91803278689
3.092	4.91803278689
3.0925	4.91803278689
3.093	4.91803278689
3.0935	4.91803278689
3.094	4.91803278689
3.0945	4.91803278689
3.095	4.91803278689
3.0955	4.91803278689
3.096	4.91803278689
3.0965	4.91803278689
3.097	4.91803278689
3.0975	4.91803278689
3.098	4.91803278689
3.0985	4.91803278689
3.099	4.91803278689
3.0995	4.91803278689
3.1	4.91803278689
3.1005	4.91803278689
3.101	4.91803278689
3.1015	4.91803278689
3.102	4.91803278689
3.1025	4.91803278689
3.103	4.91803278689
3.1035	4.91803278689
3.104	4.91803278689
3.1045	4.91803278689
3.105	4.91803278689
3.1055	4.91803278689
3.106	4.91803278689
3.1065	4.91803278689
3.107	4.91803278689
3.1075	4.91803278689
3.108	4.91803278689
3.1085	4.91803278689
3.109	4.91803278689
3.1095	4.91803278689
3.11	4.91803278689
3.1105	4.91803278689
3.111	4.91803278689
3.1115	4.91803278689
3.112	4.91803278689
3.1125	4.91803278689
3.113	4.91803278689
3.1135	4.91803278689
3.114	4.91803278689
3.1145	4.91803278689
3.115	4.91803278689
3.1155	4.91803278689
3.116	4.91803278689
3.1165	4.91803278689
3.117	4.91803278689
3.1175	4.91803278689
3.118	4.91803278689
3.1185	4.91803278689
3.119	4.91803278689
3.1195	4.91803278689
3.12	4.91803278689
3.1205	4.91803278689
3.121	4.91803278689
3.1215	4.91803278689
3.122	4.91803278689
3.1225	4.91803278689
3.123	4.91803278689
3.1235	4.91803278689
3.124	4.91803278689
3.1245	4.91803278689
3.125	4.91803278689
3.1255	4.91803278689
3.126	4.91803278689
3.1265	4.91803278689
3.127	4.91803278689
3.1275	4.91803278689
3.128	4.91803278689
3.1285	4.91803278689
3.129	4.91803278689
3.1295	4.91803278689
3.13	4.91803278689
3.1305	4.91803278689
3.131	4.91803278689
3.1315	4.91803278689
3.132	4.91803278689
3.1325	4.91803278689
3.133	4.91803278689
3.1335	4.91803278689
3.134	4.91803278689
3.1345	4.91803278689
3.135	4.91803278689
3.1355	4.91803278689
3.136	4.91803278689
3.1365	4.91803278689
3.137	4.91803278689
3.1375	4.91803278689
3.138	4.91803278689
3.1385	4.91803278689
3.139	4.91803278689
3.1395	4.91803278689
3.14	4.91803278689
3.1405	4.91803278689
3.141	4.91803278689
3.1415	4.91803278689
3.142	4.91803278689
3.1425	4.91803278689
3.143	4.91803278689
3.1435	4.91803278689
3.144	4.91803278689
3.1445	4.91803278689
3.145	4.91803278689
3.1455	4.91803278689
3.146	4.91803278689
3.1465	4.91803278689
3.147	4.91803278689
3.1475	4.91803278689
3.148	4.91803278689
3.1485	4.91803278689
3.149	4.91803278689
3.1495	4.91803278689
3.15	4.91803278689
3.1505	4.91803278689
3.151	4.91803278689
3.1515	4.91803278689
3.152	4.91803278689
3.1525	4.91803278689
3.153	4.91803278689
3.1535	4.91803278689
3.154	4.91803278689
3.1545	4.91803278689
3.155	4.91803278689
3.1555	4.91803278689
3.156	4.91803278689
3.1565	4.91803278689
3.157	4.91803278689
3.1575	4.91803278689
3.158	4.91803278689
3.1585	4.91803278689
3.159	4.91803278689
3.1595	4.91803278689
3.16	4.91803278689
3.1605	4.91803278689
3.161	4.91803278689
3.1615	4.91803278689
3.162	4.91803278689
3.1625	4.91803278689
3.163	4.91803278689
3.1635	4.91803278689
3.164	4.91803278689
3.1645	4.91803278689
3.165	4.91803278689
3.1655	4.91803278689
3.166	4.91803278689
3.1665	4.91803278689
3.167	4.91803278689
3.1675	4.91803278689
3.168	4.91803278689
3.1685	4.91803278689
3.169	4.91803278689
3.1695	4.91803278689
3.17	4.91803278689
3.1705	4.91803278689
3.171	4.91803278689
3.1715	4.91803278689
3.172	4.91803278689
3.1725	4.91803278689
3.173	4.91803278689
3.1735	4.91803278689
3.174	4.91803278689
3.1745	4.91803278689
3.175	4.91803278689
3.1755	4.91803278689
3.176	4.91803278689
3.1765	4.91803278689
3.177	4.91803278689
3.1775	4.91803278689
3.178	4.91803278689
3.1785	4.91803278689
3.179	4.91803278689
3.1795	4.91803278689
3.18	4.91803278689
3.1805	4.91803278689
3.181	4.91803278689
3.1815	4.91803278689
3.182	4.91803278689
3.1825	4.91803278689
3.183	4.91803278689
3.1835	4.91803278689
3.184	4.91803278689
3.1845	4.91803278689
3.185	4.91803278689
3.1855	4.91803278689
3.186	4.91803278689
3.1865	4.91803278689
3.187	4.91803278689
3.1875	4.91803278689
3.188	4.91803278689
3.1885	4.91803278689
3.189	4.91803278689
3.1895	4.91803278689
3.19	4.91803278689
3.1905	4.91803278689
3.191	4.91803278689
3.1915	4.91803278689
3.192	4.91803278689
3.1925	4.91803278689
3.193	4.91803278689
3.1935	4.91803278689
3.194	4.91803278689
3.1945	4.91803278689
3.195	4.91803278689
3.1955	4.91803278689
3.196	4.91803278689
3.1965	4.91803278689
3.197	4.91803278689
3.1975	4.91803278689
3.198	4.91803278689
3.1985	4.91803278689
3.199	4.91803278689
3.1995	4.91803278689
3.2	4.91803278689
3.2005	4.91803278689
3.201	4.91803278689
3.2015	4.91803278689
3.202	4.91803278689
3.2025	4.91803278689
3.203	4.91803278689
3.2035	4.91803278689
3.204	4.91803278689
3.2045	4.91803278689
3.205	4.91803278689
3.2055	4.91803278689
3.206	4.91803278689
3.2065	4.91803278689
3.207	4.91803278689
3.2075	4.91803278689
3.208	4.91803278689
3.2085	4.91803278689
3.209	4.91803278689
3.2095	4.91803278689
3.21	4.91803278689
3.2105	4.91803278689
3.211	4.91803278689
3.2115	4.91803278689
3.212	4.91803278689
3.2125	4.91803278689
3.213	4.91803278689
3.2135	4.91803278689
3.214	4.91803278689
3.2145	4.91803278689
3.215	4.91803278689
3.2155	4.91803278689
3.216	4.91803278689
3.2165	4.91803278689
3.217	4.91803278689
3.2175	4.91803278689
3.218	4.91803278689
3.2185	4.91803278689
3.219	4.91803278689
3.2195	4.91803278689
3.22	4.91803278689
3.2205	4.91803278689
3.221	4.91803278689
3.2215	4.91803278689
3.222	4.91803278689
3.2225	4.91803278689
3.223	4.91803278689
3.2235	4.91803278689
3.224	4.91803278689
3.2245	4.91803278689
3.225	4.91803278689
3.2255	4.91803278689
3.226	4.91803278689
3.2265	4.91803278689
3.227	4.91803278689
3.2275	4.91803278689
3.228	4.91803278689
3.2285	4.91803278689
3.229	4.91803278689
3.2295	4.91803278689
3.23	4.91803278689
3.2305	4.91803278689
3.231	4.91803278689
3.2315	4.91803278689
3.232	4.91803278689
3.2325	4.91803278689
3.233	4.91803278689
3.2335	4.91803278689
3.234	4.91803278689
3.2345	4.91803278689
3.235	4.91803278689
3.2355	4.91803278689
3.236	4.91803278689
3.2365	4.91803278689
3.237	4.91803278689
3.2375	4.91803278689
3.238	4.91803278689
3.2385	4.91803278689
3.239	4.91803278689
3.2395	4.91803278689
3.24	4.91803278689
3.2405	4.91803278689
3.241	4.91803278689
3.2415	4.91803278689
3.242	4.91803278689
3.2425	4.91803278689
3.243	4.91803278689
3.2435	4.91803278689
3.244	4.91803278689
3.2445	4.91803278689
3.245	4.91803278689
3.2455	4.91803278689
3.246	4.91803278689
3.2465	4.91803278689
3.247	4.91803278689
3.2475	4.91803278689
3.248	4.91803278689
3.2485	4.91803278689
3.249	4.91803278689
3.2495	4.91803278689
3.25	4.91803278689
3.2505	4.91803278689
3.251	4.91803278689
3.2515	4.91803278689
3.252	4.91803278689
3.2525	4.91803278689
3.253	4.91803278689
3.2535	4.91803278689
3.254	4.91803278689
3.2545	4.91803278689
3.255	4.91803278689
3.2555	4.91803278689
3.256	4.91803278689
3.2565	4.91803278689
3.257	4.91803278689
3.2575	4.91803278689
3.258	4.91803278689
3.2585	4.91803278689
3.259	4.91803278689
3.2595	4.91803278689
3.26	4.91803278689
3.2605	4.91803278689
3.261	4.91803278689
3.2615	4.91803278689
3.262	4.91803278689
3.2625	4.91803278689
3.263	4.91803278689
3.2635	4.91803278689
3.264	4.91803278689
3.2645	4.91803278689
3.265	4.91803278689
3.2655	4.91803278689
3.266	4.91803278689
3.2665	4.91803278689
3.267	4.91803278689
3.2675	4.91803278689
3.268	4.91803278689
3.2685	4.91803278689
3.269	4.91803278689
3.2695	4.91803278689
3.27	4.91803278689
3.2705	4.91803278689
3.271	4.91803278689
3.2715	4.91803278689
3.272	4.91803278689
3.2725	4.91803278689
3.273	4.91803278689
3.2735	4.91803278689
3.274	4.91803278689
3.2745	4.91803278689
3.275	4.91803278689
3.2755	4.91803278689
3.276	4.91803278689
3.2765	4.91803278689
3.277	4.91803278689
3.2775	4.91803278689
3.278	4.91803278689
3.2785	4.91803278689
3.279	4.91803278689
3.2795	4.91803278689
3.28	4.91803278689
3.2805	36.0
3.281	36.0
3.2815	36.0
3.282	36.0
3.2825	36.0
3.283	36.0
3.2835	36.0
3.284	36.0
3.2845	36.0
3.285	36.0
3.2855	36.0
3.286	36.0
3.2865	36.0
3.287	36.0
3.2875	36.0
3.288	36.0
3.2885	36.0
3.289	36.0
3.2895	36.0
3.29	36.0
3.2905	36.0
3.291	36.0
3.2915	36.0
3.292	36.0
3.2925	36.0
3.293	36.0
3.2935	36.0
3.294	36.0
3.2945	36.0
3.295	36.0
3.2955	36.0
3.296	36.0
3.2965	36.0
3.297	36.0
3.2975	36.0
3.298	36.0
3.2985	36.0
3.299	36.0
3.2995	36.0
3.3	36.0
3.3005	36.0
3.301	36.0
3.3015	36.0
3.302	36.0
3.3025	36.0
3.303	36.0
3.3035	36.0
3.304	36.0
3.3045	36.0
3.305	36.0
3.3055	36.0
3.306	36.0
3.3065	36.0
3.307	36.0
3.3075	36.0
3.308	36.0
3.3085	36.0
3.309	36.0
3.3095	36.0
3.31	36.0
3.3105	36.0
3.311	36.0
3.3115	36.0
3.312	36.0
3.3125	36.0
3.313	36.0
3.3135	36.0
3.314	36.0
3.3145	36.0
3.315	36.0
3.3155	36.0
3.316	36.0
3.3165	36.0
3.317	36.0
3.3175	36.0
3.318	36.0
3.3185	36.0
3.319	36.0
3.3195	36.0
3.32	36.0
3.3205	36.0
3.321	36.0
3.3215	36.0
3.322	36.0
3.3225	36.0
3.323	36.0
3.3235	36.0
3.324	36.0
3.3245	36.0
3.325	36.0
3.3255	36.0
3.326	36.0
3.3265	36.0
3.327	36.0
3.3275	36.0
3.328	36.0
3.3285	36.0
3.329	36.0
3.3295	36.0
3.33	36.0
3.3305	36.0
3.331	36.0
3.3315	36.0
3.332	36.0
3.3325	36.0
3.333	36.0
3.3335	36.0
3.334	36.0
3.3345	36.0
3.335	36.0
3.3355	36.0
3.336	36.0
3.3365	36.0
3.337	36.0
3.3375	36.0
3.338	36.0
3.3385	36.0
3.339	36.0
3.3395	36.0
3.34	36.0
3.3405	36.0
3.341	36.0
3.3415	36.0
3.342	36.0
3.3425	36.0
3.343	36.0
3.3435	36.0
3.344	36.0
3.3445	36.0
3.345	36.0
3.3455	36.0
3.346	36.0
3.3465	36.0
3.347	36.0
3.3475	36.0
3.348	36.0
3.3485	36.0
3.349	36.0
3.3495	36.0
3.35	36.0
3.3505	36.0
3.351	36.0
3.3515	36.0
3.352	36.0
3.3525	36.0
3.353	36.0
3.3535	36.0
3.354	36.0
3.3545	36.0
3.355	36.0
3.3555	36.0
3.356	36.0
3.3565	36.0
3.357	36.0
3.3575	36.0
3.358	36.0
3.3585	36.0
3.359	36.0
3.3595	36.0
3.36	36.0
3.3605	36.0
3.361	36.0
3.3615	36.0
3.362	36.0
3.3625	36.0
3.363	36.0
3.3635	36.0
3.364	36.0
3.3645	36.0
3.365	36.0
3.3655	36.0
3.366	66.6666666667
3.3665	66.6666666667
3.367	66.6666666667
3.3675	66.6666666667
3.368	66.6666666667
3.3685	66.6666666667
3.369	66.6666666667
3.3695	66.6666666667
3.37	66.6666666667
3.3705	66.6666666667
3.371	66.6666666667
3.3715	66.6666666667
3.372	66.6666666667
3.3725	66.6666666667
3.373	66.6666666667
3.3735	66.6666666667
3.374	66.6666666667
3.3745	66.6666666667
3.375	66.6666666667
3.3755	66.6666666667
3.376	66.6666666667
3.3765	66.6666666667
3.377	66.6666666667
3.3775	66.6666666667
3.378	66.6666666667
3.3785	66.6666666667
3.379	66.6666666667
3.3795	66.6666666667
3.38	66.6666666667
3.3805	66.6666666667
3.381	66.6666666667
3.3815	66.6666666667
3.382	66.6666666667
3.3825	66.6666666667
3.383	66.6666666667
3.3835	66.6666666667
3.384	66.6666666667
3.3845	66.6666666667
3.385	66.6666666667
3.3855	66.6666666667
3.386	66.6666666667
3.3865	66.6666666667
3.387	66.6666666667
3.3875	66.6666666667
3.388	66.6666666667
3.3885	66.6666666667
3.389	66.6666666667
3.3895	66.6666666667
3.39	66.6666666667
3.3905	66.6666666667
3.391	66.6666666667
3.3915	66.6666666667
3.392	66.6666666667
3.3925	66.6666666667
3.393	66.6666666667
3.3935	66.6666666667
3.394	66.6666666667
3.3945	66.6666666667
3.395	66.6666666667
3.3955	66.6666666667
3.396	66.6666666667
3.3965	66.6666666667
3.397	66.6666666667
3.3975	66.6666666667
3.398	66.6666666667
3.3985	66.6666666667
3.399	66.6666666667
3.3995	66.6666666667
3.4	66.6666666667
3.4005	66.6666666667
3.401	66.6666666667
3.4015	66.6666666667
3.402	66.6666666667
3.4025	66.6666666667
3.403	66.6666666667
3.4035	66.6666666667
3.404	66.6666666667
3.4045	66.6666666667
3.405	66.6666666667
3.4055	66.6666666667
3.406	66.6666666667
3.4065	66.6666666667
3.407	66.6666666667
3.4075	66.6666666667
3.408	66.6666666667
3.4085	66.6666666667
3.409	66.6666666667
3.4095	66.6666666667
3.41	66.6666666667
3.4105	66.6666666667
3.411	66.6666666667
3.4115	66.6666666667
3.412	66.6666666667
3.4125	66.6666666667
3.413	66.6666666667
3.4135	66.6666666667
3.414	66.6666666667
3.4145	66.6666666667
3.415	66.6666666667
3.4155	66.6666666667
3.416	66.6666666667
3.4165	66.6666666667
3.417	66.6666666667
3.4175	66.6666666667
3.418	66.6666666667
3.4185	66.6666666667
3.419	66.6666666667
3.4195	66.6666666667
3.42	66.6666666667
3.4205	66.6666666667
3.421	66.6666666667
3.4215	66.6666666667
3.422	66.6666666667
3.4225	66.6666666667
3.423	66.6666666667
3.4235	66.6666666667
3.424	66.6666666667
3.4245	66.6666666667
3.425	66.6666666667
3.4255	66.6666666667
3.426	66.6666666667
3.4265	66.6666666667
3.427	66.6666666667
3.4275	66.6666666667
3.428	66.6666666667
3.4285	66.6666666667
3.429	66.6666666667
3.4295	66.6666666667
3.43	66.6666666667
3.4305	66.6666666667
3.431	66.6666666667
3.4315	66.6666666667
3.432	66.6666666667
3.4325	66.6666666667
3.433	66.6666666667
3.4335	66.6666666667
3.434	66.6666666667
3.4345	66.6666666667
3.435	66.6666666667
3.4355	66.6666666667
3.436	66.6666666667
3.4365	66.6666666667
3.437	66.6666666667
3.4375	66.6666666667
3.438	66.6666666667
3.4385	66.6666666667
3.439	66.6666666667
3.4395	66.6666666667
3.44	66.6666666667
3.4405	66.6666666667
3.441	66.6666666667
3.4415	66.6666666667
3.442	66.6666666667
3.4425	66.6666666667
3.443	66.6666666667
3.4435	66.6666666667
3.444	66.6666666667
3.4445	66.6666666667
3.445	66.6666666667
3.4455	66.6666666667
3.446	66.6666666667
3.4465	66.6666666667
3.447	66.6666666667
3.4475	66.6666666667
3.448	66.6666666667
3.4485	66.6666666667
3.449	66.6666666667
3.4495	66.6666666667
3.45	66.6666666667
3.4505	66.6666666667
3.451	66.6666666667
3.4515	66.6666666667
3.452	66.6666666667
3.4525	66.6666666667
3.453	66.6666666667
3.4535	66.6666666667
3.454	66.6666666667
3.4545	66.6666666667
3.455	66.6666666667
3.4555	66.6666666667
3.456	66.6666666667
3.4565	66.6666666667
3.457	66.6666666667
3.4575	66.6666666667
3.458	66.6666666667
3.4585	66.6666666667
3.459	66.6666666667
3.4595	66.6666666667
3.46	66.6666666667
3.4605	66.6666666667
3.461	66.6666666667
3.4615	66.6666666667
3.462	66.6666666667
3.4625	66.6666666667
3.463	66.6666666667
3.4635	66.6666666667
3.464	66.6666666667
3.4645	66.6666666667
3.465	66.6666666667
3.4655	66.6666666667
3.466	66.6666666667
3.4665	66.6666666667
3.467	66.6666666667
3.4675	66.6666666667
3.468	66.6666666667
3.4685	66.6666666667
3.469	66.6666666667
3.4695	66.6666666667
3.47	66.6666666667
3.4705	66.6666666667
3.471	66.6666666667
3.4715	66.6666666667
3.472	66.6666666667
3.4725	66.6666666667
3.473	66.6666666667
3.4735	66.6666666667
3.474	66.6666666667
3.4745	66.6666666667
3.475	66.6666666667
3.4755	66.6666666667
3.476	66.6666666667
3.4765	66.6666666667
3.477	66.6666666667
3.4775	66.6666666667
3.478	66.6666666667
3.4785	66.6666666667
3.479	66.6666666667
3.4795	66.6666666667
3.48	66.6666666667
3.4805	66.6666666667
3.481	66.6666666667
3.4815	66.6666666667
3.482	66.6666666667
3.4825	66.6666666667
3.483	66.6666666667
3.4835	66.6666666667
3.484	66.6666666667
3.4845	66.6666666667
3.485	66.6666666667
3.4855	66.6666666667
3.486	66.6666666667
3.4865	66.6666666667
3.487	66.6666666667
3.4875	66.6666666667
3.488	66.6666666667
3.4885	66.6666666667
3.489	66.6666666667
3.4895	66.6666666667
3.49	66.6666666667
3.4905	66.6666666667
3.491	66.6666666667
3.4915	66.6666666667
3.492	66.6666666667
3.4925	66.6666666667
3.493	66.6666666667
3.4935	66.6666666667
3.494	66.6666666667
3.4945	66.6666666667
3.495	66.6666666667
3.4955	66.6666666667
3.496	66.6666666667
3.4965	66.6666666667
3.497	66.6666666667
3.4975	66.6666666667
3.498	66.6666666667
3.4985	66.6666666667
3.499	66.6666666667
3.4995	66.6666666667
3.5	66.6666666667
3.5005	66.6666666667
3.501	66.6666666667
3.5015	66.6666666667
3.502	66.6666666667
3.5025	66.6666666667
3.503	66.6666666667
3.5035	66.6666666667
3.504	66.6666666667
3.5045	66.6666666667
3.505	66.6666666667
3.5055	66.6666666667
3.506	66.6666666667
3.5065	66.6666666667
3.507	66.6666666667
3.5075	66.6666666667
3.508	66.6666666667
3.5085	66.6666666667
3.509	66.6666666667
3.5095	66.6666666667
3.51	66.6666666667
3.5105	66.6666666667
3.511	66.6666666667
3.5115	66.6666666667
3.512	66.6666666667
3.5125	66.6666666667
3.513	66.6666666667
3.5135	66.6666666667
3.514	66.6666666667
3.5145	66.6666666667
3.515	66.6666666667
3.5155	66.6666666667
3.516	66.6666666667
3.5165	66.6666666667
3.517	66.6666666667
3.5175	66.6666666667
3.518	66.6666666667
3.5185	66.6666666667
3.519	66.6666666667
3.5195	66.6666666667
3.52	66.6666666667
3.5205	66.6666666667
3.521	66.6666666667
3.5215	66.6666666667
3.522	66.6666666667
3.5225	66.6666666667
3.523	66.6666666667
3.5235	66.6666666667
3.524	66.6666666667
3.5245	66.6666666667
3.525	66.6666666667
3.5255	66.6666666667
3.526	66.6666666667
3.5265	66.6666666667
3.527	66.6666666667
3.5275	66.6666666667
3.528	66.6666666667
3.5285	66.6666666667
3.529	66.6666666667
3.5295	66.6666666667
3.53	66.6666666667
3.5305	66.6666666667
3.531	66.6666666667
3.5315	66.6666666667
3.532	66.6666666667
3.5325	66.6666666667
3.533	66.6666666667
3.5335	66.6666666667
3.534	66.6666666667
3.5345	66.6666666667
3.535	66.6666666667
3.5355	66.6666666667
3.536	66.6666666667
3.5365	66.6666666667
3.537	66.6666666667
3.5375	66.6666666667
3.538	66.6666666667
3.5385	66.6666666667
3.539	66.6666666667
3.5395	66.6666666667
3.54	66.6666666667
3.5405	66.6666666667
3.541	66.6666666667
3.5415	66.6666666667
3.542	66.6666666667
3.5425	66.6666666667
3.543	66.6666666667
3.5435	66.6666666667
3.544	66.6666666667
3.5445	66.6666666667
3.545	66.6666666667
3.5455	66.6666666667
3.546	66.6666666667
3.5465	66.6666666667
3.547	66.6666666667
3.5475	66.6666666667
3.548	66.6666666667
3.5485	66.6666666667
3.549	66.6666666667
3.5495	66.6666666667
3.55	66.6666666667
3.5505	66.6666666667
3.551	66.6666666667
3.5515	66.6666666667
3.552	66.6666666667
3.5525	66.6666666667
3.553	66.6666666667
3.5535	66.6666666667
3.554	66.6666666667
3.5545	66.6666666667
3.555	66.6666666667
3.5555	66.6666666667
3.556	66.6666666667
3.5565	66.6666666667
3.557	66.6666666667
3.5575	66.6666666667
3.558	66.6666666667
3.5585	66.6666666667
3.559	66.6666666667
3.5595	66.6666666667
3.56	66.6666666667
3.5605	66.6666666667
3.561	66.6666666667
3.5615	66.6666666667
3.562	66.6666666667
3.5625	66.6666666667
3.563	66.6666666667
3.5635	66.6666666667
3.564	66.6666666667
3.5645	66.6666666667
3.565	66.6666666667
3.5655	66.6666666667
3.566	66.6666666667
3.5665	66.6666666667
3.567	66.6666666667
3.5675	66.6666666667
3.568	66.6666666667
3.5685	66.6666666667
3.569	66.6666666667
3.5695	66.6666666667
3.57	66.6666666667
3.5705	66.6666666667
3.571	66.6666666667
3.5715	66.6666666667
3.572	66.6666666667
3.5725	66.6666666667
3.573	66.6666666667
3.5735	66.6666666667
3.574	66.6666666667
3.5745	66.6666666667
3.575	66.6666666667
3.5755	66.6666666667
3.576	66.6666666667
3.5765	66.6666666667
3.577	66.6666666667
3.5775	66.6666666667
3.578	66.6666666667
3.5785	66.6666666667
3.579	66.6666666667
3.5795	66.6666666667
3.58	66.6666666667
3.5805	66.6666666667
3.581	66.6666666667
3.5815	66.6666666667
3.582	66.6666666667
3.5825	66.6666666667
3.583	66.6666666667
3.5835	66.6666666667
3.584	66.6666666667
3.5845	66.6666666667
3.585	66.6666666667
3.5855	66.6666666667
3.586	66.6666666667
3.5865	66.6666666667
3.587	66.6666666667
3.5875	66.6666666667
3.588	66.6666666667
3.5885	66.6666666667
3.589	66.6666666667
3.5895	66.6666666667
3.59	66.6666666667
3.5905	66.6666666667
3.591	66.6666666667
3.5915	66.6666666667
3.592	66.6666666667
3.5925	66.6666666667
3.593	66.6666666667
3.5935	66.6666666667
3.594	66.6666666667
3.5945	66.6666666667
3.595	66.6666666667
3.5955	66.6666666667
3.596	66.6666666667
3.5965	66.6666666667
3.597	66.6666666667
3.5975	66.6666666667
3.598	66.6666666667
3.5985	66.6666666667
3.599	66.6666666667
3.5995	66.6666666667
3.6	66.6666666667
3.6005	66.6666666667
3.601	66.6666666667
3.6015	66.6666666667
3.602	66.6666666667
3.6025	66.6666666667
3.603	66.6666666667
3.6035	66.6666666667
3.604	66.6666666667
3.6045	66.6666666667
3.605	66.6666666667
3.6055	66.6666666667
3.606	66.6666666667
3.6065	66.6666666667
3.607	66.6666666667
3.6075	66.6666666667
3.608	66.6666666667
3.6085	66.6666666667
3.609	66.6666666667
3.6095	66.6666666667
3.61	66.6666666667
3.6105	66.6666666667
3.611	66.6666666667
3.6115	66.6666666667
3.612	66.6666666667
3.6125	66.6666666667
3.613	66.6666666667
3.6135	66.6666666667
3.614	66.6666666667
3.6145	66.6666666667
3.615	66.6666666667
3.6155	66.6666666667
3.616	66.6666666667
3.6165	66.6666666667
3.617	66.6666666667
3.6175	66.6666666667
3.618	66.6666666667
3.6185	66.6666666667
3.619	66.6666666667
3.6195	66.6666666667
3.62	66.6666666667
3.6205	66.6666666667
3.621	66.6666666667
3.6215	66.6666666667
3.622	66.6666666667
3.6225	66.6666666667
3.623	66.6666666667
3.6235	66.6666666667
3.624	66.6666666667
3.6245	66.6666666667
3.625	66.6666666667
3.6255	66.6666666667
3.626	66.6666666667
3.6265	66.6666666667
3.627	66.6666666667
3.6275	66.6666666667
3.628	66.6666666667
3.6285	66.6666666667
3.629	66.6666666667
3.6295	66.6666666667
3.63	66.6666666667
3.6305	66.6666666667
3.631	66.6666666667
3.6315	66.6666666667
3.632	66.6666666667
3.6325	66.6666666667
3.633	66.6666666667
3.6335	66.6666666667
3.634	66.6666666667
3.6345	66.6666666667
3.635	66.6666666667
3.6355	66.6666666667
3.636	66.6666666667
3.6365	66.6666666667
3.637	66.6666666667
3.6375	66.6666666667
3.638	66.6666666667
3.6385	66.6666666667
3.639	66.6666666667
3.6395	66.6666666667
3.64	66.6666666667
3.6405	66.6666666667
3.641	66.6666666667
3.6415	66.6666666667
3.642	66.6666666667
3.6425	66.6666666667
3.643	66.6666666667
3.6435	66.6666666667
3.644	66.6666666667
3.6445	66.6666666667
3.645	66.6666666667
3.6455	66.6666666667
3.646	66.6666666667
3.6465	66.6666666667
3.647	66.6666666667
3.6475	66.6666666667
3.648	66.6666666667
3.6485	66.6666666667
3.649	66.6666666667
3.6495	66.6666666667
3.65	66.6666666667
3.6505	66.6666666667
3.651	66.6666666667
3.6515	66.6666666667
3.652	66.6666666667
3.6525	66.6666666667
3.653	66.6666666667
3.6535	66.6666666667
3.654	66.6666666667
3.6545	66.6666666667
3.655	66.6666666667
3.6555	66.6666666667
3.656	66.6666666667
3.6565	66.6666666667
3.657	66.6666666667
3.6575	66.6666666667
3.658	66.6666666667
3.6585	66.6666666667
3.659	66.6666666667
3.6595	66.6666666667
3.66	66.6666666667
3.6605	66.6666666667
3.661	66.6666666667
3.6615	66.6666666667
3.662	66.6666666667
3.6625	66.6666666667
3.663	66.6666666667
3.6635	66.6666666667
3.664	66.6666666667
3.6645	66.6666666667
3.665	66.6666666667
3.6655	66.6666666667
3.666	66.6666666667
3.6665	66.6666666667
3.667	66.6666666667
3.6675	66.6666666667
3.668	66.6666666667
3.6685	66.6666666667
3.669	66.6666666667
3.6695	66.6666666667
3.67	66.6666666667
3.6705	66.6666666667
3.671	66.6666666667
3.6715	66.6666666667
3.672	66.6666666667
3.6725	66.6666666667
3.673	66.6666666667
3.6735	66.6666666667
3.674	66.6666666667
3.6745	66.6666666667
3.675	66.6666666667
3.6755	66.6666666667
3.676	66.6666666667
3.6765	66.6666666667
3.677	66.6666666667
3.6775	66.6666666667
3.678	66.6666666667
3.6785	66.6666666667
3.679	66.6666666667
3.6795	66.6666666667
3.68	66.6666666667
3.6805	66.6666666667
3.681	66.6666666667
3.6815	66.6666666667
3.682	66.6666666667
3.6825	66.6666666667
3.683	66.6666666667
3.6835	66.6666666667
3.684	66.6666666667
3.6845	66.6666666667
3.685	66.6666666667
3.6855	66.6666666667
3.686	66.6666666667
3.6865	66.6666666667
3.687	66.6666666667
3.6875	66.6666666667
3.688	66.6666666667
3.6885	66.6666666667
3.689	66.6666666667
3.6895	66.6666666667
3.69	66.6666666667
3.6905	66.6666666667
3.691	66.6666666667
3.6915	66.6666666667
3.692	66.6666666667
3.6925	66.6666666667
3.693	66.6666666667
3.6935	66.6666666667
3.694	66.6666666667
3.6945	66.6666666667
3.695	66.6666666667
3.6955	66.6666666667
3.696	66.6666666667
3.6965	66.6666666667
3.697	66.6666666667
3.6975	66.6666666667
3.698	66.6666666667
3.6985	66.6666666667
3.699	66.6666666667
3.6995	66.6666666667
3.7	66.6666666667
3.7005	66.6666666667
3.701	66.6666666667
3.7015	66.6666666667
3.702	66.6666666667
3.7025	66.6666666667
3.703	66.6666666667
3.7035	66.6666666667
3.704	66.6666666667
3.7045	66.6666666667
3.705	66.6666666667
3.7055	66.6666666667
3.706	66.6666666667
3.7065	66.6666666667
3.707	66.6666666667
3.7075	66.6666666667
3.708	66.6666666667
3.7085	66.6666666667
3.709	66.6666666667
3.7095	66.6666666667
3.71	66.6666666667
3.7105	100.0
3.711	100.0
3.7115	100.0
3.712	100.0
3.7125	100.0
3.713	100.0
3.7135	100.0
3.714	100.0
3.7145	100.0
3.715	100.0
3.7155	100.0
3.716	100.0
3.7165	100.0
3.717	100.0
3.7175	100.0
3.718	100.0
3.7185	100.0
3.719	100.0
3.7195	100.0
3.72	100.0
3.7205	100.0
3.721	100.0
3.7215	100.0
3.722	100.0
3.7225	100.0
3.723	100.0
3.7235	100.0
3.724	100.0
3.7245	100.0
3.725	100.0
3.7255	100.0
3.726	100.0
3.7265	100.0
3.727	100.0
3.7275	100.0
3.728	100.0
3.7285	100.0
3.729	100.0
3.7295	100.0
3.73	100.0
3.7305	100.0
3.731	100.0
3.7315	100.0
3.732	100.0
3.7325	100.0
3.733	100.0
3.7335	100.0
3.734	100.0
3.7345	100.0
3.735	100.0
3.7355	100.0
3.736	100.0
3.7365	100.0
3.737	100.0
3.7375	100.0
3.738	100.0
3.7385	100.0
3.739	100.0
3.7395	100.0
3.74	100.0
3.7405	100.0
3.741	100.0
3.7415	100.0
3.742	100.0
3.7425	100.0
3.743	100.0
3.7435	100.0
3.744	100.0
3.7445	100.0
3.745	100.0
3.7455	100.0
3.746	100.0
3.7465	100.0
3.747	100.0
3.7475	100.0
3.748	100.0
3.7485	100.0
3.749	100.0
3.7495	100.0
3.75	100.0
3.7505	100.0
3.751	100.0
3.7515	100.0
3.752	100.0
3.7525	100.0
3.753	100.0
3.7535	100.0
3.754	100.0
3.7545	100.0
3.755	100.0
3.7555	100.0
3.756	100.0
3.7565	100.0
3.757	100.0
3.7575	100.0
3.758	100.0
3.7585	100.0
3.759	100.0
3.7595	100.0
3.76	100.0
3.7605	100.0
3.761	100.0
3.7615	100.0
3.762	100.0
3.7625	100.0
3.763	100.0
3.7635	100.0
3.764	100.0
3.7645	100.0
3.765	100.0
3.7655	100.0
3.766	100.0
3.7665	100.0
3.767	100.0
3.7675	100.0
3.768	100.0
3.7685	100.0
3.769	100.0
3.7695	100.0
3.77	100.0
3.7705	100.0
3.771	100.0
3.7715	100.0
3.772	100.0
3.7725	100.0
3.773	100.0
3.7735	100.0
3.774	100.0
3.7745	100.0
3.775	100.0
3.7755	100.0
3.776	100.0
3.7765	100.0
3.777	100.0
3.7775	100.0
3.778	100.0
3.7785	100.0
3.779	100.0
3.7795	100.0
3.78	100.0
3.7805	100.0
3.781	100.0
3.7815	100.0
3.782	100.0
3.7825	100.0
3.783	100.0
3.7835	100.0
3.784	100.0
3.7845	100.0
3.785	100.0
3.7855	100.0
3.786	100.0
3.7865	100.0
3.787	100.0
3.7875	100.0
3.788	100.0
3.7885	100.0
3.789	100.0
3.7895	100.0
3.79	100.0
3.7905	100.0
3.791	100.0
3.7915	100.0
3.792	100.0
3.7925	100.0
3.793	100.0
3.7935	100.0
3.794	100.0
3.7945	100.0
3.795	100.0
3.7955	100.0
3.796	100.0
3.7965	100.0
3.797	100.0
3.7975	100.0
3.798	100.0
3.7985	100.0
3.799	100.0
3.7995	100.0
3.8	100.0
3.8005	100.0
3.801	100.0
3.8015	100.0
3.802	100.0
3.8025	100.0
3.803	100.0
3.8035	100.0
3.804	100.0
3.8045	100.0
3.805	100.0
3.8055	100.0
3.806	100.0
3.8065	100.0
3.807	100.0
3.8075	100.0
3.808	100.0
3.8085	100.0
3.809	100.0
3.8095	100.0
3.81	100.0
3.8105	100.0
3.811	100.0
3.8115	100.0
3.812	100.0
3.8125	100.0
3.813	100.0
3.8135	100.0
3.814	100.0
3.8145	100.0
3.815	100.0
3.8155	100.0
3.816	100.0
3.8165	100.0
3.817	100.0
3.8175	100.0
3.818	100.0
3.8185	100.0
3.819	100.0
3.8195	100.0
3.82	100.0
3.8205	100.0
3.821	100.0
3.8215	100.0
3.822	100.0
3.8225	100.0
3.823	100.0
3.8235	100.0
3.824	100.0
3.8245	100.0
3.825	100.0
3.8255	100.0
3.826	100.0
3.8265	100.0
3.827	100.0
3.8275	100.0
3.828	100.0
3.8285	100.0
3.829	100.0
3.8295	100.0
3.83	100.0
3.8305	100.0
3.831	100.0
3.8315	100.0
3.832	100.0
3.8325	100.0
3.833	100.0
3.8335	100.0
3.834	100.0
3.8345	100.0
3.835	100.0
3.8355	100.0
3.836	100.0
3.8365	100.0
3.837	100.0
3.8375	100.0
3.838	100.0
3.8385	100.0
3.839	100.0
3.8395	100.0
3.84	100.0
3.8405	100.0
3.841	100.0
3.8415	100.0
3.842	100.0
3.8425	100.0
3.843	100.0
3.8435	100.0
3.844	100.0
3.8445	100.0
3.845	100.0
3.8455	100.0
3.846	100.0
3.8465	100.0
3.847	100.0
3.8475	100.0
3.848	100.0
3.8485	100.0
3.849	100.0
3.8495	100.0
3.85	100.0
3.8505	100.0
3.851	100.0
3.8515	100.0
3.852	100.0
3.8525	100.0
3.853	100.0
3.8535	100.0
3.854	100.0
3.8545	100.0
3.855	100.0
3.8555	100.0
3.856	100.0
3.8565	100.0
3.857	100.0
3.8575	100.0
3.858	100.0
3.8585	100.0
3.859	100.0
3.8595	100.0
3.86	100.0
3.8605	100.0
3.861	100.0
3.8615	100.0
3.862	100.0
3.8625	100.0
3.863	100.0
3.8635	100.0
3.864	100.0
3.8645	100.0
3.865	100.0
3.8655	100.0
3.866	100.0
3.8665	100.0
3.867	100.0
3.8675	100.0
3.868	100.0
3.8685	100.0
3.869	100.0
3.8695	100.0
3.87	100.0
3.8705	100.0
3.871	100.0
3.8715	100.0
3.872	100.0
3.8725	100.0
3.873	100.0
3.8735	100.0
3.874	100.0
3.8745	100.0
3.875	100.0
3.8755	100.0
3.876	100.0
3.8765	100.0
3.877	100.0
3.8775	100.0
3.878	100.0
3.8785	100.0
3.879	100.0
3.8795	100.0
3.88	100.0
3.8805	100.0
3.881	100.0
3.8815	100.0
3.882	100.0
3.8825	100.0
3.883	100.0
3.8835	100.0
3.884	100.0
3.8845	100.0
3.885	100.0
3.8855	100.0
3.886	100.0
3.8865	100.0
3.887	100.0
3.8875	100.0
3.888	100.0
3.8885	100.0
3.889	100.0
3.8895	100.0
3.89	100.0
3.8905	100.0
3.891	100.0
3.8915	100.0
3.892	100.0
3.8925	100.0
3.893	100.0
3.8935	100.0
3.894	100.0
3.8945	100.0
3.895	100.0
3.8955	100.0
3.896	100.0
3.8965	100.0
3.897	100.0
3.8975	100.0
3.898	100.0
3.8985	100.0
3.899	100.0
3.8995	100.0
3.9	100.0
3.9005	100.0
3.901	100.0
3.9015	100.0
3.902	100.0
3.9025	100.0
3.903	100.0
3.9035	100.0
3.904	100.0
3.9045	100.0
3.905	100.0
3.9055	100.0
3.906	100.0
3.9065	100.0
3.907	100.0
3.9075	100.0
3.908	100.0
3.9085	100.0
3.909	100.0
3.9095	100.0
3.91	100.0
3.9105	100.0
3.911	100.0
3.9115	100.0
3.912	100.0
3.9125	100.0
3.913	100.0
3.9135	100.0
3.914	100.0
3.9145	100.0
3.915	100.0
3.9155	100.0
3.916	100.0
3.9165	100.0
3.917	100.0
3.9175	100.0
3.918	100.0
3.9185	100.0
3.919	100.0
3.9195	100.0
3.92	100.0
3.9205	100.0
3.921	100.0
3.9215	100.0
3.922	100.0
3.9225	100.0
3.923	100.0
3.9235	100.0
3.924	100.0
3.9245	100.0
3.925	100.0
3.9255	100.0
3.926	100.0
3.9265	100.0
3.927	100.0
3.9275	100.0
3.928	100.0
3.9285	100.0
3.929	100.0
3.9295	100.0
3.93	100.0
3.9305	100.0
3.931	100.0
3.9315	100.0
3.932	100.0
3.9325	100.0
3.933	100.0
3.9335	100.0
3.934	100.0
3.9345	100.0
3.935	100.0
3.9355	100.0
3.936	100.0
3.9365	100.0
3.937	100.0
3.9375	100.0
3.938	100.0
3.9385	100.0
3.939	100.0
3.9395	100.0
3.94	100.0
3.9405	100.0
3.941	100.0
3.9415	100.0
3.942	100.0
3.9425	100.0
3.943	100.0
3.9435	100.0
3.944	100.0
3.9445	100.0
3.945	100.0
3.9455	100.0
3.946	100.0
3.9465	100.0
3.947	100.0
3.9475	100.0
3.948	100.0
3.9485	100.0
3.949	100.0
3.9495	100.0
3.95	100.0
3.9505	100.0
3.951	100.0
3.9515	100.0
3.952	100.0
3.9525	100.0
3.953	100.0
3.9535	100.0
3.954	100.0
3.9545	100.0
3.955	100.0
3.9555	100.0
3.956	100.0
3.9565	100.0
3.957	100.0
3.9575	100.0
3.958	100.0
3.9585	100.0
3.959	100.0
3.9595	100.0
3.96	100.0
3.9605	100.0
3.961	100.0
3.9615	100.0
3.962	100.0
3.9625	100.0
3.963	100.0
3.9635	100.0
3.964	100.0
3.9645	100.0
3.965	100.0
3.9655	100.0
3.966	100.0
3.9665	100.0
3.967	100.0
3.9675	100.0
3.968	100.0
3.9685	100.0
3.969	100.0
3.9695	100.0
3.97	100.0
3.9705	100.0
3.971	100.0
3.9715	100.0
3.972	100.0
3.9725	100.0
3.973	100.0
3.9735	100.0
3.974	100.0
3.9745	100.0
3.975	100.0
3.9755	100.0
3.976	100.0
3.9765	100.0
3.977	100.0
3.9775	100.0
3.978	100.0
3.9785	100.0
3.979	100.0
3.9795	100.0
3.98	100.0
3.9805	100.0
3.981	100.0
3.9815	100.0
3.982	100.0
3.9825	100.0
3.983	100.0
3.9835	100.0
3.984	100.0
3.9845	100.0
3.985	100.0
3.9855	100.0
3.986	100.0
3.9865	100.0
3.987	100.0
3.9875	100.0
3.988	100.0
3.9885	100.0
3.989	100.0
3.9895	100.0
3.99	100.0
3.9905	100.0
3.991	100.0
3.9915	100.0
3.992	100.0
3.9925	100.0
3.993	100.0
3.9935	100.0
3.994	100.0
3.9945	100.0
3.995	100.0
3.9955	100.0
3.996	100.0
3.9965	100.0
3.997	100.0
3.9975	100.0
3.998	100.0
3.9985	100.0
3.999	100.0
3.9995	100.0
4.0	100.0
4.0005	100.0
4.001	100.0
4.0015	100.0
4.002	100.0
4.0025	100.0
4.003	100.0
4.0035	100.0
4.004	100.0
4.0045	100.0
4.005	100.0
4.0055	100.0
4.006	100.0
4.0065	100.0
4.007	100.0
4.0075	100.0
4.008	100.0
4.0085	100.0
4.009	100.0
4.0095	100.0
4.01	100.0
4.0105	100.0
4.011	100.0
4.0115	100.0
4.012	100.0
4.0125	100.0
4.013	100.0
4.0135	100.0
4.014	100.0
4.0145	100.0
4.015	100.0
4.0155	100.0
4.016	100.0
4.0165	100.0
4.017	100.0
4.0175	100.0
4.018	100.0
4.0185	100.0
4.019	100.0
4.0195	100.0
4.02	100.0
4.0205	100.0
4.021	100.0
4.0215	100.0
4.022	100.0
4.0225	100.0
4.023	100.0
4.0235	100.0
4.024	100.0
4.0245	100.0
4.025	100.0
4.0255	100.0
4.026	100.0
4.0265	100.0
4.027	100.0
4.0275	100.0
4.028	100.0
4.0285	100.0
4.029	100.0
4.0295	100.0
4.03	100.0
4.0305	100.0
4.031	100.0
4.0315	100.0
4.032	100.0
4.0325	100.0
4.033	100.0
4.0335	100.0
4.034	100.0
4.0345	100.0
4.035	100.0
4.0355	100.0
4.036	100.0
4.0365	100.0
4.037	100.0
4.0375	100.0
4.038	100.0
4.0385	100.0
4.039	100.0
4.0395	100.0
4.04	100.0
4.0405	100.0
4.041	100.0
4.0415	100.0
4.042	100.0
4.0425	100.0
4.043	100.0
4.0435	100.0
4.044	100.0
4.0445	100.0
4.045	100.0
4.0455	100.0
4.046	100.0
4.0465	100.0
4.047	100.0
4.0475	100.0
4.048	100.0
4.0485	100.0
4.049	100.0
4.0495	100.0
4.05	100.0
4.0505	100.0
4.051	100.0
4.0515	100.0
4.052	100.0
4.0525	100.0
4.053	100.0
4.0535	100.0
4.054	100.0
4.0545	100.0
4.055	100.0
4.0555	100.0
4.056	100.0
4.0565	100.0
4.057	100.0
4.0575	100.0
4.058	100.0
4.0585	100.0
4.059	100.0
4.0595	100.0
4.06	100.0
4.0605	100.0
4.061	100.0
4.0615	100.0
4.062	100.0
4.0625	100.0
4.063	100.0
4.0635	100.0
4.064	100.0
4.0645	100.0
4.065	100.0
4.0655	100.0
4.066	100.0
4.0665	100.0
4.067	100.0
4.0675	100.0
4.068	100.0
4.0685	100.0
4.069	100.0
4.0695	100.0
4.07	100.0
4.0705	100.0
4.071	100.0
4.0715	100.0
4.072	100.0
4.0725	100.0
4.073	100.0
4.0735	100.0
4.074	100.0
4.0745	100.0
4.075	100.0
4.0755	100.0
4.076	100.0
4.0765	100.0
4.077	100.0
4.0775	100.0
4.078	100.0
4.0785	100.0
4.079	100.0
