rCut Vs Percentages	Au38_Au38_original_Au38_twist_[1,1,1]_axis_10_degrees_rCut_2.884_4.0786-0.0005_CNA_tolerance_0
2.884	0.0
2.8845	0.0
2.885	10.5263157895
2.8855	10.5263157895
2.886	10.5263157895
2.8865	10.5263157895
2.887	10.5263157895
2.8875	10.5263157895
2.888	10.5263157895
2.8885	10.5263157895
2.889	10.5263157895
2.8895	10.5263157895
2.89	10.5263157895
2.8905	10.5263157895
2.891	10.5263157895
2.8915	10.5263157895
2.892	10.5263157895
2.8925	10.5263157895
2.893	10.5263157895
2.8935	10.5263157895
2.894	10.5263157895
2.8945	10.5263157895
2.895	10.5263157895
2.8955	10.5263157895
2.896	10.5263157895
2.8965	10.5263157895
2.897	10.5263157895
2.8975	10.5263157895
2.898	10.2564102564
2.8985	10.2564102564
2.899	10.2564102564
2.8995	10.2564102564
2.9	10.2564102564
2.9005	10.2564102564
2.901	10.2564102564
2.9015	10.2564102564
2.902	10.2564102564
2.9025	10.2564102564
2.903	10.2564102564
2.9035	10.2564102564
2.904	10.2564102564
2.9045	10.2564102564
2.905	10.2564102564
2.9055	10.2564102564
2.906	10.2564102564
2.9065	10.2564102564
2.907	10.2564102564
2.9075	10.2564102564
2.908	10.2564102564
2.9085	10.2564102564
2.909	10.2564102564
2.9095	10.2564102564
2.91	10.2564102564
2.9105	10.2564102564
2.911	10.2564102564
2.9115	10.2564102564
2.912	10.2564102564
2.9125	10.2564102564
2.913	10.2564102564
2.9135	10.2564102564
2.914	10.2564102564
2.9145	10.2564102564
2.915	10.2564102564
2.9155	10.2564102564
2.916	10.2564102564
2.9165	10.2564102564
2.917	10.2564102564
2.9175	10.2564102564
2.918	10.2564102564
2.9185	10.2564102564
2.919	10.2564102564
2.9195	10.2564102564
2.92	10.2564102564
2.9205	10.2564102564
2.921	10.2564102564
2.9215	10.2564102564
2.922	10.2564102564
2.9225	10.2564102564
2.923	10.2564102564
2.9235	10.2564102564
2.924	10.2564102564
2.9245	10.2564102564
2.925	10.2564102564
2.9255	10.2564102564
2.926	10.2564102564
2.9265	10.2564102564
2.927	10.2564102564
2.9275	10.2564102564
2.928	10.2564102564
2.9285	10.2564102564
2.929	10.2564102564
2.9295	10.2564102564
2.93	10.2564102564
2.9305	10.2564102564
2.931	10.2564102564
2.9315	10.2564102564
2.932	10.2564102564
2.9325	10.2564102564
2.933	10.2564102564
2.9335	10.2564102564
2.934	10.2564102564
2.9345	10.2564102564
2.935	10.2564102564
2.9355	10.2564102564
2.936	10.2564102564
2.9365	10.2564102564
2.937	10.2564102564
2.9375	10.2564102564
2.938	10.2564102564
2.9385	10.2564102564
2.939	10.2564102564
2.9395	10.2564102564
2.94	10.2564102564
2.9405	10.2564102564
2.941	10.2564102564
2.9415	10.2564102564
2.942	10.2564102564
2.9425	10.2564102564
2.943	10.2564102564
2.9435	10.2564102564
2.944	10.2564102564
2.9445	10.2564102564
2.945	10.2564102564
2.9455	10.2564102564
2.946	10.2564102564
2.9465	10.2564102564
2.947	10.2564102564
2.9475	10.2564102564
2.948	10.2564102564
2.9485	10.2564102564
2.949	10.2564102564
2.9495	10.2564102564
2.95	10.2564102564
2.9505	10.2564102564
2.951	10.2564102564
2.9515	10.2564102564
2.952	10.2564102564
2.9525	10.2564102564
2.953	10.2564102564
2.9535	10.2564102564
2.954	10.2564102564
2.9545	10.2564102564
2.955	10.2564102564
2.9555	10.2564102564
2.956	10.2564102564
2.9565	10.2564102564
2.957	10.2564102564
2.9575	10.2564102564
2.958	10.2564102564
2.9585	10.2564102564
2.959	10.2564102564
2.9595	10.2564102564
2.96	10.2564102564
2.9605	10.2564102564
2.961	10.2564102564
2.9615	10.2564102564
2.962	10.2564102564
2.9625	10.2564102564
2.963	10.2564102564
2.9635	10.2564102564
2.964	10.2564102564
2.9645	10.2564102564
2.965	10.2564102564
2.9655	10.2564102564
2.966	10.2564102564
2.9665	10.2564102564
2.967	10.2564102564
2.9675	10.2564102564
2.968	10.2564102564
2.9685	10.2564102564
2.969	10.2564102564
2.9695	10.2564102564
2.97	10.2564102564
2.9705	10.2564102564
2.971	10.2564102564
2.9715	10.2564102564
2.972	10.2564102564
2.9725	10.2564102564
2.973	10.2564102564
2.9735	10.2564102564
2.974	10.2564102564
2.9745	10.2564102564
2.975	10.2564102564
2.9755	10.2564102564
2.976	10.2564102564
2.9765	10.2564102564
2.977	10.2564102564
2.9775	10.2564102564
2.978	10.2564102564
2.9785	10.2564102564
2.979	10.2564102564
2.9795	10.2564102564
2.98	10.2564102564
2.9805	10.2564102564
2.981	10.2564102564
2.9815	10.2564102564
2.982	10.2564102564
2.9825	10.2564102564
2.983	10.2564102564
2.9835	22.5352112676
2.984	22.5352112676
2.9845	22.5352112676
2.985	22.5352112676
2.9855	22.5352112676
2.986	22.5352112676
2.9865	22.5352112676
2.987	22.5352112676
2.9875	22.5352112676
2.988	22.5352112676
2.9885	22.5352112676
2.989	22.5352112676
2.9895	22.5352112676
2.99	32.8358208955
2.9905	32.8358208955
2.991	32.8358208955
2.9915	32.8358208955
2.992	32.8358208955
2.9925	32.8358208955
2.993	32.8358208955
2.9935	32.8358208955
2.994	32.8358208955
2.9945	32.8358208955
2.995	32.8358208955
2.9955	32.8358208955
2.996	32.8358208955
2.9965	32.8358208955
2.997	32.8358208955
2.9975	32.8358208955
2.998	32.8358208955
2.9985	32.8358208955
2.999	32.8358208955
2.9995	32.8358208955
3.0	32.8358208955
3.0005	32.8358208955
3.001	32.8358208955
3.0015	32.8358208955
3.002	32.8358208955
3.0025	32.8358208955
3.003	32.8358208955
3.0035	32.8358208955
3.004	32.8358208955
3.0045	32.8358208955
3.005	32.8358208955
3.0055	32.8358208955
3.006	32.8358208955
3.0065	32.8358208955
3.007	32.8358208955
3.0075	32.8358208955
3.008	32.8358208955
3.0085	49.1803278689
3.009	49.1803278689
3.0095	49.1803278689
3.01	49.1803278689
3.0105	49.1803278689
3.011	49.1803278689
3.0115	49.1803278689
3.012	49.1803278689
3.0125	49.1803278689
3.013	49.1803278689
3.0135	49.1803278689
3.014	49.1803278689
3.0145	49.1803278689
3.015	49.1803278689
3.0155	49.1803278689
3.016	49.1803278689
3.0165	49.1803278689
3.017	49.1803278689
3.0175	49.1803278689
3.018	49.1803278689
3.0185	49.1803278689
3.019	49.1803278689
3.0195	49.1803278689
3.02	49.1803278689
3.0205	49.1803278689
3.021	49.1803278689
3.0215	49.1803278689
3.022	49.1803278689
3.0225	49.1803278689
3.023	49.1803278689
3.0235	49.1803278689
3.024	49.1803278689
3.0245	49.1803278689
3.025	49.1803278689
3.0255	49.1803278689
3.026	49.1803278689
3.0265	49.1803278689
3.027	49.1803278689
3.0275	49.1803278689
3.028	49.1803278689
3.0285	49.1803278689
3.029	49.1803278689
3.0295	49.1803278689
3.03	49.1803278689
3.0305	49.1803278689
3.031	49.1803278689
3.0315	49.1803278689
3.032	49.1803278689
3.0325	49.1803278689
3.033	49.1803278689
3.0335	49.1803278689
3.034	49.1803278689
3.0345	49.1803278689
3.035	49.1803278689
3.0355	49.1803278689
3.036	49.1803278689
3.0365	49.1803278689
3.037	49.1803278689
3.0375	49.1803278689
3.038	49.1803278689
3.0385	49.1803278689
3.039	49.1803278689
3.0395	49.1803278689
3.04	49.1803278689
3.0405	49.1803278689
3.041	49.1803278689
3.0415	49.1803278689
3.042	49.1803278689
3.0425	49.1803278689
3.043	49.1803278689
3.0435	49.1803278689
3.044	49.1803278689
3.0445	49.1803278689
3.045	49.1803278689
3.0455	49.1803278689
3.046	49.1803278689
3.0465	49.1803278689
3.047	49.1803278689
3.0475	49.1803278689
3.048	49.1803278689
3.0485	49.1803278689
3.049	49.1803278689
3.0495	49.1803278689
3.05	49.1803278689
3.0505	49.1803278689
3.051	49.1803278689
3.0515	49.1803278689
3.052	49.1803278689
3.0525	49.1803278689
3.053	49.1803278689
3.0535	49.1803278689
3.054	49.1803278689
3.0545	49.1803278689
3.055	49.1803278689
3.0555	49.1803278689
3.056	49.1803278689
3.0565	49.1803278689
3.057	49.1803278689
3.0575	49.1803278689
3.058	49.1803278689
3.0585	49.1803278689
3.059	49.1803278689
3.0595	49.1803278689
3.06	49.1803278689
3.0605	49.1803278689
3.061	49.1803278689
3.0615	49.1803278689
3.062	49.1803278689
3.0625	49.1803278689
3.063	49.1803278689
3.0635	49.1803278689
3.064	49.1803278689
3.0645	49.1803278689
3.065	49.1803278689
3.0655	49.1803278689
3.066	49.1803278689
3.0665	49.1803278689
3.067	49.1803278689
3.0675	49.1803278689
3.068	49.1803278689
3.0685	49.1803278689
3.069	49.1803278689
3.0695	49.1803278689
3.07	49.1803278689
3.0705	49.1803278689
3.071	49.1803278689
3.0715	49.1803278689
3.072	49.1803278689
3.0725	49.1803278689
3.073	49.1803278689
3.0735	49.1803278689
3.074	49.1803278689
3.0745	49.1803278689
3.075	49.1803278689
3.0755	49.1803278689
3.076	49.1803278689
3.0765	49.1803278689
3.077	49.1803278689
3.0775	49.1803278689
3.078	49.1803278689
3.0785	49.1803278689
3.079	49.1803278689
3.0795	49.1803278689
3.08	49.1803278689
3.0805	49.1803278689
3.081	49.1803278689
3.0815	49.1803278689
3.082	49.1803278689
3.0825	49.1803278689
3.083	49.1803278689
3.0835	49.1803278689
3.084	49.1803278689
3.0845	49.1803278689
3.085	49.1803278689
3.0855	49.1803278689
3.086	49.1803278689
3.0865	49.1803278689
3.087	49.1803278689
3.0875	49.1803278689
3.088	49.1803278689
3.0885	49.1803278689
3.089	49.1803278689
3.0895	49.1803278689
3.09	49.1803278689
3.0905	49.1803278689
3.091	63.1578947368
3.0915	63.1578947368
3.092	63.1578947368
3.0925	63.1578947368
3.093	63.1578947368
3.0935	63.1578947368
3.094	63.1578947368
3.0945	63.1578947368
3.095	63.1578947368
3.0955	63.1578947368
3.096	63.1578947368
3.0965	63.1578947368
3.097	63.1578947368
3.0975	63.1578947368
3.098	63.1578947368
3.0985	63.1578947368
3.099	63.1578947368
3.0995	63.1578947368
3.1	63.1578947368
3.1005	63.1578947368
3.101	63.1578947368
3.1015	63.1578947368
3.102	63.1578947368
3.1025	63.1578947368
3.103	82.6923076923
3.1035	82.6923076923
3.104	82.6923076923
3.1045	82.6923076923
3.105	82.6923076923
3.1055	82.6923076923
3.106	82.6923076923
3.1065	82.6923076923
3.107	82.6923076923
3.1075	82.6923076923
3.108	82.6923076923
3.1085	82.6923076923
3.109	82.6923076923
3.1095	82.6923076923
3.11	82.6923076923
3.1105	82.6923076923
3.111	82.6923076923
3.1115	82.6923076923
3.112	82.6923076923
3.1125	82.6923076923
3.113	82.6923076923
3.1135	82.6923076923
3.114	82.6923076923
3.1145	82.6923076923
3.115	82.6923076923
3.1155	82.6923076923
3.116	82.6923076923
3.1165	82.6923076923
3.117	82.6923076923
3.1175	82.6923076923
3.118	82.6923076923
3.1185	82.6923076923
3.119	82.6923076923
3.1195	82.6923076923
3.12	82.6923076923
3.1205	82.6923076923
3.121	82.6923076923
3.1215	82.6923076923
3.122	82.6923076923
3.1225	82.6923076923
3.123	82.6923076923
3.1235	82.6923076923
3.124	82.6923076923
3.1245	82.6923076923
3.125	82.6923076923
3.1255	82.6923076923
3.126	82.6923076923
3.1265	82.6923076923
3.127	82.6923076923
3.1275	82.6923076923
3.128	82.6923076923
3.1285	82.6923076923
3.129	82.6923076923
3.1295	82.6923076923
3.13	82.6923076923
3.1305	82.6923076923
3.131	82.6923076923
3.1315	82.6923076923
3.132	82.6923076923
3.1325	82.6923076923
3.133	82.6923076923
3.1335	82.6923076923
3.134	82.6923076923
3.1345	82.6923076923
3.135	82.6923076923
3.1355	82.6923076923
3.136	82.6923076923
3.1365	82.6923076923
3.137	82.6923076923
3.1375	82.6923076923
3.138	82.6923076923
3.1385	82.6923076923
3.139	82.6923076923
3.1395	82.6923076923
3.14	82.6923076923
3.1405	82.6923076923
3.141	82.6923076923
3.1415	82.6923076923
3.142	82.6923076923
3.1425	82.6923076923
3.143	82.6923076923
3.1435	82.6923076923
3.144	82.6923076923
3.1445	82.6923076923
3.145	82.6923076923
3.1455	82.6923076923
3.146	82.6923076923
3.1465	82.6923076923
3.147	82.6923076923
3.1475	82.6923076923
3.148	82.6923076923
3.1485	82.6923076923
3.149	82.6923076923
3.1495	82.6923076923
3.15	82.6923076923
3.1505	82.6923076923
3.151	82.6923076923
3.1515	82.6923076923
3.152	82.6923076923
3.1525	82.6923076923
3.153	82.6923076923
3.1535	82.6923076923
3.154	82.6923076923
3.1545	82.6923076923
3.155	82.6923076923
3.1555	82.6923076923
3.156	82.6923076923
3.1565	82.6923076923
3.157	82.6923076923
3.1575	82.6923076923
3.158	82.6923076923
3.1585	82.6923076923
3.159	82.6923076923
3.1595	82.6923076923
3.16	82.6923076923
3.1605	82.6923076923
3.161	82.6923076923
3.1615	82.6923076923
3.162	82.6923076923
3.1625	82.6923076923
3.163	82.6923076923
3.1635	82.6923076923
3.164	82.6923076923
3.1645	82.6923076923
3.165	82.6923076923
3.1655	82.6923076923
3.166	82.6923076923
3.1665	82.6923076923
3.167	82.6923076923
3.1675	82.6923076923
3.168	82.6923076923
3.1685	82.6923076923
3.169	82.6923076923
3.1695	82.6923076923
3.17	82.6923076923
3.1705	82.6923076923
3.171	82.6923076923
3.1715	82.6923076923
3.172	82.6923076923
3.1725	82.6923076923
3.173	82.6923076923
3.1735	82.6923076923
3.174	82.6923076923
3.1745	82.6923076923
3.175	82.6923076923
3.1755	82.6923076923
3.176	82.6923076923
3.1765	82.6923076923
3.177	82.6923076923
3.1775	82.6923076923
3.178	82.6923076923
3.1785	82.6923076923
3.179	82.6923076923
3.1795	82.6923076923
3.18	82.6923076923
3.1805	82.6923076923
3.181	82.6923076923
3.1815	82.6923076923
3.182	82.6923076923
3.1825	82.6923076923
3.183	82.6923076923
3.1835	82.6923076923
3.184	82.6923076923
3.1845	82.6923076923
3.185	82.6923076923
3.1855	82.6923076923
3.186	82.6923076923
3.1865	82.6923076923
3.187	82.6923076923
3.1875	82.6923076923
3.188	82.6923076923
3.1885	82.6923076923
3.189	82.6923076923
3.1895	82.6923076923
3.19	82.6923076923
3.1905	82.6923076923
3.191	82.6923076923
3.1915	82.6923076923
3.192	82.6923076923
3.1925	82.6923076923
3.193	82.6923076923
3.1935	82.6923076923
3.194	82.6923076923
3.1945	82.6923076923
3.195	82.6923076923
3.1955	82.6923076923
3.196	82.6923076923
3.1965	82.6923076923
3.197	82.6923076923
3.1975	82.6923076923
3.198	82.6923076923
3.1985	82.6923076923
3.199	82.6923076923
3.1995	82.6923076923
3.2	82.6923076923
3.2005	100.0
3.201	100.0
3.2015	100.0
3.202	100.0
3.2025	100.0
3.203	100.0
3.2035	100.0
3.204	100.0
3.2045	100.0
3.205	100.0
3.2055	100.0
3.206	100.0
3.2065	100.0
3.207	100.0
3.2075	100.0
3.208	100.0
3.2085	100.0
3.209	100.0
3.2095	100.0
3.21	100.0
3.2105	100.0
3.211	100.0
3.2115	100.0
3.212	100.0
3.2125	100.0
3.213	100.0
3.2135	100.0
3.214	100.0
3.2145	100.0
3.215	100.0
3.2155	100.0
3.216	100.0
3.2165	100.0
3.217	100.0
3.2175	100.0
3.218	100.0
3.2185	100.0
3.219	100.0
3.2195	100.0
3.22	100.0
3.2205	100.0
3.221	100.0
3.2215	100.0
3.222	100.0
3.2225	100.0
3.223	100.0
3.2235	100.0
3.224	100.0
3.2245	100.0
3.225	100.0
3.2255	100.0
3.226	100.0
3.2265	100.0
3.227	100.0
3.2275	100.0
3.228	100.0
3.2285	100.0
3.229	100.0
3.2295	100.0
3.23	100.0
3.2305	100.0
3.231	100.0
3.2315	100.0
3.232	100.0
3.2325	100.0
3.233	100.0
3.2335	100.0
3.234	100.0
3.2345	100.0
3.235	100.0
3.2355	100.0
3.236	100.0
3.2365	100.0
3.237	100.0
3.2375	100.0
3.238	100.0
3.2385	100.0
3.239	100.0
3.2395	100.0
3.24	100.0
3.2405	100.0
3.241	100.0
3.2415	100.0
3.242	100.0
3.2425	100.0
3.243	100.0
3.2435	100.0
3.244	100.0
3.2445	100.0
3.245	100.0
3.2455	100.0
3.246	100.0
3.2465	100.0
3.247	100.0
3.2475	100.0
3.248	100.0
3.2485	100.0
3.249	100.0
3.2495	100.0
3.25	100.0
3.2505	100.0
3.251	100.0
3.2515	100.0
3.252	100.0
3.2525	100.0
3.253	100.0
3.2535	100.0
3.254	100.0
3.2545	100.0
3.255	100.0
3.2555	100.0
3.256	100.0
3.2565	100.0
3.257	100.0
3.2575	100.0
3.258	100.0
3.2585	100.0
3.259	100.0
3.2595	100.0
3.26	100.0
3.2605	100.0
3.261	100.0
3.2615	100.0
3.262	100.0
3.2625	100.0
3.263	100.0
3.2635	100.0
3.264	100.0
3.2645	100.0
3.265	100.0
3.2655	100.0
3.266	100.0
3.2665	100.0
3.267	100.0
3.2675	100.0
3.268	100.0
3.2685	100.0
3.269	100.0
3.2695	100.0
3.27	100.0
3.2705	100.0
3.271	100.0
3.2715	100.0
3.272	100.0
3.2725	100.0
3.273	100.0
3.2735	100.0
3.274	100.0
3.2745	100.0
3.275	100.0
3.2755	100.0
3.276	100.0
3.2765	100.0
3.277	100.0
3.2775	100.0
3.278	100.0
3.2785	100.0
3.279	100.0
3.2795	100.0
3.28	100.0
3.2805	100.0
3.281	100.0
3.2815	100.0
3.282	100.0
3.2825	100.0
3.283	100.0
3.2835	100.0
3.284	100.0
3.2845	100.0
3.285	100.0
3.2855	100.0
3.286	100.0
3.2865	100.0
3.287	100.0
3.2875	100.0
3.288	100.0
3.2885	100.0
3.289	100.0
3.2895	100.0
3.29	100.0
3.2905	100.0
3.291	100.0
3.2915	100.0
3.292	100.0
3.2925	100.0
3.293	100.0
3.2935	100.0
3.294	100.0
3.2945	100.0
3.295	100.0
3.2955	100.0
3.296	100.0
3.2965	100.0
3.297	100.0
3.2975	100.0
3.298	100.0
3.2985	100.0
3.299	100.0
3.2995	100.0
3.3	100.0
3.3005	100.0
3.301	100.0
3.3015	100.0
3.302	100.0
3.3025	100.0
3.303	100.0
3.3035	100.0
3.304	100.0
3.3045	100.0
3.305	100.0
3.3055	100.0
3.306	100.0
3.3065	100.0
3.307	100.0
3.3075	100.0
3.308	100.0
3.3085	100.0
3.309	100.0
3.3095	100.0
3.31	100.0
3.3105	100.0
3.311	100.0
3.3115	100.0
3.312	100.0
3.3125	100.0
3.313	100.0
3.3135	100.0
3.314	100.0
3.3145	100.0
3.315	100.0
3.3155	100.0
3.316	100.0
3.3165	100.0
3.317	100.0
3.3175	100.0
3.318	100.0
3.3185	100.0
3.319	100.0
3.3195	100.0
3.32	100.0
3.3205	100.0
3.321	100.0
3.3215	100.0
3.322	100.0
3.3225	100.0
3.323	100.0
3.3235	100.0
3.324	100.0
3.3245	100.0
3.325	100.0
3.3255	100.0
3.326	100.0
3.3265	100.0
3.327	100.0
3.3275	100.0
3.328	100.0
3.3285	100.0
3.329	100.0
3.3295	100.0
3.33	100.0
3.3305	100.0
3.331	100.0
3.3315	100.0
3.332	100.0
3.3325	100.0
3.333	100.0
3.3335	100.0
3.334	100.0
3.3345	100.0
3.335	100.0
3.3355	100.0
3.336	100.0
3.3365	100.0
3.337	100.0
3.3375	100.0
3.338	100.0
3.3385	100.0
3.339	100.0
3.3395	100.0
3.34	100.0
3.3405	100.0
3.341	100.0
3.3415	100.0
3.342	100.0
3.3425	100.0
3.343	100.0
3.3435	100.0
3.344	100.0
3.3445	100.0
3.345	100.0
3.3455	100.0
3.346	100.0
3.3465	100.0
3.347	100.0
3.3475	100.0
3.348	100.0
3.3485	100.0
3.349	100.0
3.3495	100.0
3.35	100.0
3.3505	100.0
3.351	100.0
3.3515	100.0
3.352	100.0
3.3525	100.0
3.353	100.0
3.3535	100.0
3.354	100.0
3.3545	100.0
3.355	100.0
3.3555	100.0
3.356	100.0
3.3565	100.0
3.357	100.0
3.3575	100.0
3.358	100.0
3.3585	100.0
3.359	100.0
3.3595	100.0
3.36	100.0
3.3605	100.0
3.361	100.0
3.3615	100.0
3.362	100.0
3.3625	100.0
3.363	100.0
3.3635	100.0
3.364	100.0
3.3645	100.0
3.365	100.0
3.3655	100.0
3.366	100.0
3.3665	100.0
3.367	100.0
3.3675	100.0
3.368	100.0
3.3685	100.0
3.369	100.0
3.3695	100.0
3.37	100.0
3.3705	100.0
3.371	100.0
3.3715	100.0
3.372	100.0
3.3725	100.0
3.373	100.0
3.3735	100.0
3.374	100.0
3.3745	100.0
3.375	100.0
3.3755	100.0
3.376	100.0
3.3765	100.0
3.377	100.0
3.3775	100.0
3.378	100.0
3.3785	100.0
3.379	100.0
3.3795	100.0
3.38	100.0
3.3805	100.0
3.381	100.0
3.3815	100.0
3.382	100.0
3.3825	100.0
3.383	100.0
3.3835	100.0
3.384	100.0
3.3845	100.0
3.385	100.0
3.3855	100.0
3.386	100.0
3.3865	100.0
3.387	100.0
3.3875	100.0
3.388	100.0
3.3885	100.0
3.389	100.0
3.3895	100.0
3.39	100.0
3.3905	100.0
3.391	100.0
3.3915	100.0
3.392	100.0
3.3925	100.0
3.393	100.0
3.3935	100.0
3.394	100.0
3.3945	100.0
3.395	100.0
3.3955	100.0
3.396	100.0
3.3965	100.0
3.397	100.0
3.3975	100.0
3.398	100.0
3.3985	100.0
3.399	100.0
3.3995	100.0
3.4	100.0
3.4005	100.0
3.401	100.0
3.4015	100.0
3.402	100.0
3.4025	100.0
3.403	100.0
3.4035	100.0
3.404	100.0
3.4045	100.0
3.405	100.0
3.4055	100.0
3.406	100.0
3.4065	100.0
3.407	100.0
3.4075	100.0
3.408	100.0
3.4085	100.0
3.409	100.0
3.4095	100.0
3.41	100.0
3.4105	100.0
3.411	100.0
3.4115	100.0
3.412	100.0
3.4125	100.0
3.413	100.0
3.4135	100.0
3.414	100.0
3.4145	100.0
3.415	100.0
3.4155	100.0
3.416	100.0
3.4165	100.0
3.417	100.0
3.4175	100.0
3.418	100.0
3.4185	100.0
3.419	100.0
3.4195	100.0
3.42	100.0
3.4205	100.0
3.421	100.0
3.4215	100.0
3.422	100.0
3.4225	100.0
3.423	100.0
3.4235	100.0
3.424	100.0
3.4245	100.0
3.425	100.0
3.4255	100.0
3.426	100.0
3.4265	100.0
3.427	100.0
3.4275	100.0
3.428	100.0
3.4285	100.0
3.429	100.0
3.4295	100.0
3.43	100.0
3.4305	100.0
3.431	100.0
3.4315	100.0
3.432	100.0
3.4325	100.0
3.433	100.0
3.4335	100.0
3.434	100.0
3.4345	100.0
3.435	100.0
3.4355	100.0
3.436	100.0
3.4365	100.0
3.437	100.0
3.4375	100.0
3.438	100.0
3.4385	100.0
3.439	100.0
3.4395	100.0
3.44	100.0
3.4405	100.0
3.441	100.0
3.4415	100.0
3.442	100.0
3.4425	100.0
3.443	100.0
3.4435	100.0
3.444	100.0
3.4445	100.0
3.445	100.0
3.4455	100.0
3.446	100.0
3.4465	100.0
3.447	100.0
3.4475	100.0
3.448	100.0
3.4485	100.0
3.449	100.0
3.4495	100.0
3.45	100.0
3.4505	100.0
3.451	100.0
3.4515	100.0
3.452	100.0
3.4525	100.0
3.453	100.0
3.4535	100.0
3.454	100.0
3.4545	100.0
3.455	100.0
3.4555	100.0
3.456	100.0
3.4565	100.0
3.457	100.0
3.4575	100.0
3.458	100.0
3.4585	100.0
3.459	100.0
3.4595	100.0
3.46	100.0
3.4605	100.0
3.461	100.0
3.4615	100.0
3.462	100.0
3.4625	100.0
3.463	100.0
3.4635	100.0
3.464	100.0
3.4645	100.0
3.465	100.0
3.4655	100.0
3.466	100.0
3.4665	100.0
3.467	100.0
3.4675	100.0
3.468	100.0
3.4685	100.0
3.469	100.0
3.4695	100.0
3.47	100.0
3.4705	100.0
3.471	100.0
3.4715	100.0
3.472	100.0
3.4725	100.0
3.473	100.0
3.4735	100.0
3.474	100.0
3.4745	100.0
3.475	100.0
3.4755	100.0
3.476	100.0
3.4765	100.0
3.477	100.0
3.4775	100.0
3.478	100.0
3.4785	100.0
3.479	100.0
3.4795	100.0
3.48	100.0
3.4805	100.0
3.481	100.0
3.4815	100.0
3.482	100.0
3.4825	100.0
3.483	100.0
3.4835	100.0
3.484	100.0
3.4845	100.0
3.485	100.0
3.4855	100.0
3.486	100.0
3.4865	100.0
3.487	100.0
3.4875	100.0
3.488	100.0
3.4885	100.0
3.489	100.0
3.4895	100.0
3.49	100.0
3.4905	100.0
3.491	100.0
3.4915	100.0
3.492	100.0
3.4925	100.0
3.493	100.0
3.4935	100.0
3.494	100.0
3.4945	100.0
3.495	100.0
3.4955	100.0
3.496	100.0
3.4965	100.0
3.497	100.0
3.4975	100.0
3.498	100.0
3.4985	100.0
3.499	100.0
3.4995	100.0
3.5	100.0
3.5005	100.0
3.501	100.0
3.5015	100.0
3.502	100.0
3.5025	100.0
3.503	100.0
3.5035	100.0
3.504	100.0
3.5045	100.0
3.505	100.0
3.5055	100.0
3.506	100.0
3.5065	100.0
3.507	100.0
3.5075	100.0
3.508	100.0
3.5085	100.0
3.509	100.0
3.5095	100.0
3.51	100.0
3.5105	100.0
3.511	100.0
3.5115	100.0
3.512	100.0
3.5125	100.0
3.513	100.0
3.5135	100.0
3.514	100.0
3.5145	100.0
3.515	100.0
3.5155	100.0
3.516	100.0
3.5165	100.0
3.517	100.0
3.5175	100.0
3.518	100.0
3.5185	100.0
3.519	100.0
3.5195	100.0
3.52	100.0
3.5205	100.0
3.521	100.0
3.5215	100.0
3.522	100.0
3.5225	100.0
3.523	100.0
3.5235	100.0
3.524	100.0
3.5245	100.0
3.525	100.0
3.5255	100.0
3.526	100.0
3.5265	100.0
3.527	100.0
3.5275	100.0
3.528	100.0
3.5285	100.0
3.529	100.0
3.5295	100.0
3.53	100.0
3.5305	100.0
3.531	100.0
3.5315	100.0
3.532	100.0
3.5325	100.0
3.533	100.0
3.5335	100.0
3.534	100.0
3.5345	100.0
3.535	100.0
3.5355	100.0
3.536	100.0
3.5365	100.0
3.537	100.0
3.5375	100.0
3.538	100.0
3.5385	100.0
3.539	100.0
3.5395	100.0
3.54	100.0
3.5405	100.0
3.541	100.0
3.5415	100.0
3.542	100.0
3.5425	100.0
3.543	100.0
3.5435	100.0
3.544	100.0
3.5445	100.0
3.545	100.0
3.5455	100.0
3.546	100.0
3.5465	100.0
3.547	100.0
3.5475	100.0
3.548	100.0
3.5485	100.0
3.549	100.0
3.5495	100.0
3.55	100.0
3.5505	100.0
3.551	100.0
3.5515	100.0
3.552	100.0
3.5525	100.0
3.553	100.0
3.5535	100.0
3.554	100.0
3.5545	100.0
3.555	100.0
3.5555	100.0
3.556	100.0
3.5565	100.0
3.557	100.0
3.5575	100.0
3.558	100.0
3.5585	100.0
3.559	100.0
3.5595	100.0
3.56	100.0
3.5605	100.0
3.561	100.0
3.5615	100.0
3.562	100.0
3.5625	100.0
3.563	100.0
3.5635	100.0
3.564	100.0
3.5645	100.0
3.565	100.0
3.5655	100.0
3.566	100.0
3.5665	100.0
3.567	100.0
3.5675	100.0
3.568	100.0
3.5685	100.0
3.569	100.0
3.5695	100.0
3.57	100.0
3.5705	100.0
3.571	100.0
3.5715	100.0
3.572	100.0
3.5725	100.0
3.573	100.0
3.5735	100.0
3.574	100.0
3.5745	100.0
3.575	100.0
3.5755	100.0
3.576	100.0
3.5765	100.0
3.577	100.0
3.5775	100.0
3.578	100.0
3.5785	100.0
3.579	100.0
3.5795	100.0
3.58	100.0
3.5805	100.0
3.581	100.0
3.5815	100.0
3.582	100.0
3.5825	100.0
3.583	100.0
3.5835	100.0
3.584	100.0
3.5845	100.0
3.585	100.0
3.5855	100.0
3.586	100.0
3.5865	100.0
3.587	100.0
3.5875	100.0
3.588	100.0
3.5885	100.0
3.589	100.0
3.5895	100.0
3.59	100.0
3.5905	100.0
3.591	100.0
3.5915	100.0
3.592	100.0
3.5925	100.0
3.593	100.0
3.5935	100.0
3.594	100.0
3.5945	100.0
3.595	100.0
3.5955	100.0
3.596	100.0
3.5965	100.0
3.597	100.0
3.5975	100.0
3.598	100.0
3.5985	100.0
3.599	100.0
3.5995	100.0
3.6	100.0
3.6005	100.0
3.601	100.0
3.6015	100.0
3.602	100.0
3.6025	100.0
3.603	100.0
3.6035	100.0
3.604	100.0
3.6045	100.0
3.605	100.0
3.6055	100.0
3.606	100.0
3.6065	100.0
3.607	100.0
3.6075	100.0
3.608	100.0
3.6085	100.0
3.609	100.0
3.6095	100.0
3.61	100.0
3.6105	100.0
3.611	100.0
3.6115	100.0
3.612	100.0
3.6125	100.0
3.613	100.0
3.6135	100.0
3.614	100.0
3.6145	100.0
3.615	100.0
3.6155	100.0
3.616	100.0
3.6165	100.0
3.617	100.0
3.6175	100.0
3.618	100.0
3.6185	100.0
3.619	100.0
3.6195	100.0
3.62	100.0
3.6205	100.0
3.621	100.0
3.6215	100.0
3.622	100.0
3.6225	100.0
3.623	100.0
3.6235	100.0
3.624	100.0
3.6245	100.0
3.625	100.0
3.6255	100.0
3.626	100.0
3.6265	100.0
3.627	100.0
3.6275	100.0
3.628	100.0
3.6285	100.0
3.629	100.0
3.6295	100.0
3.63	100.0
3.6305	100.0
3.631	100.0
3.6315	100.0
3.632	100.0
3.6325	100.0
3.633	100.0
3.6335	100.0
3.634	100.0
3.6345	100.0
3.635	100.0
3.6355	100.0
3.636	100.0
3.6365	100.0
3.637	100.0
3.6375	100.0
3.638	100.0
3.6385	100.0
3.639	100.0
3.6395	100.0
3.64	100.0
3.6405	100.0
3.641	100.0
3.6415	100.0
3.642	100.0
3.6425	100.0
3.643	100.0
3.6435	100.0
3.644	100.0
3.6445	100.0
3.645	100.0
3.6455	100.0
3.646	100.0
3.6465	100.0
3.647	100.0
3.6475	100.0
3.648	100.0
3.6485	100.0
3.649	100.0
3.6495	100.0
3.65	100.0
3.6505	100.0
3.651	100.0
3.6515	100.0
3.652	100.0
3.6525	100.0
3.653	100.0
3.6535	100.0
3.654	100.0
3.6545	100.0
3.655	100.0
3.6555	100.0
3.656	100.0
3.6565	100.0
3.657	100.0
3.6575	100.0
3.658	100.0
3.6585	100.0
3.659	100.0
3.6595	100.0
3.66	100.0
3.6605	100.0
3.661	100.0
3.6615	100.0
3.662	100.0
3.6625	100.0
3.663	100.0
3.6635	100.0
3.664	100.0
3.6645	100.0
3.665	100.0
3.6655	100.0
3.666	100.0
3.6665	100.0
3.667	100.0
3.6675	100.0
3.668	100.0
3.6685	100.0
3.669	100.0
3.6695	100.0
3.67	100.0
3.6705	100.0
3.671	100.0
3.6715	100.0
3.672	100.0
3.6725	100.0
3.673	100.0
3.6735	100.0
3.674	100.0
3.6745	100.0
3.675	100.0
3.6755	100.0
3.676	100.0
3.6765	100.0
3.677	100.0
3.6775	100.0
3.678	100.0
3.6785	100.0
3.679	100.0
3.6795	100.0
3.68	100.0
3.6805	100.0
3.681	100.0
3.6815	100.0
3.682	100.0
3.6825	100.0
3.683	100.0
3.6835	100.0
3.684	100.0
3.6845	100.0
3.685	100.0
3.6855	100.0
3.686	100.0
3.6865	100.0
3.687	100.0
3.6875	100.0
3.688	100.0
3.6885	100.0
3.689	100.0
3.6895	100.0
3.69	100.0
3.6905	100.0
3.691	100.0
3.6915	100.0
3.692	100.0
3.6925	100.0
3.693	100.0
3.6935	100.0
3.694	100.0
3.6945	100.0
3.695	100.0
3.6955	100.0
3.696	100.0
3.6965	100.0
3.697	100.0
3.6975	100.0
3.698	100.0
3.6985	100.0
3.699	100.0
3.6995	100.0
3.7	100.0
3.7005	100.0
3.701	100.0
3.7015	100.0
3.702	100.0
3.7025	100.0
3.703	100.0
3.7035	100.0
3.704	100.0
3.7045	100.0
3.705	100.0
3.7055	100.0
3.706	100.0
3.7065	100.0
3.707	100.0
3.7075	100.0
3.708	100.0
3.7085	100.0
3.709	100.0
3.7095	100.0
3.71	100.0
3.7105	100.0
3.711	100.0
3.7115	100.0
3.712	100.0
3.7125	100.0
3.713	100.0
3.7135	100.0
3.714	100.0
3.7145	100.0
3.715	100.0
3.7155	100.0
3.716	100.0
3.7165	100.0
3.717	100.0
3.7175	100.0
3.718	100.0
3.7185	100.0
3.719	100.0
3.7195	100.0
3.72	100.0
3.7205	100.0
3.721	100.0
3.7215	100.0
3.722	100.0
3.7225	100.0
3.723	100.0
3.7235	100.0
3.724	100.0
3.7245	100.0
3.725	100.0
3.7255	100.0
3.726	100.0
3.7265	100.0
3.727	100.0
3.7275	100.0
3.728	100.0
3.7285	100.0
3.729	100.0
3.7295	100.0
3.73	100.0
3.7305	100.0
3.731	100.0
3.7315	100.0
3.732	100.0
3.7325	100.0
3.733	100.0
3.7335	100.0
3.734	100.0
3.7345	100.0
3.735	100.0
3.7355	100.0
3.736	100.0
3.7365	100.0
3.737	100.0
3.7375	100.0
3.738	100.0
3.7385	100.0
3.739	100.0
3.7395	100.0
3.74	100.0
3.7405	100.0
3.741	100.0
3.7415	100.0
3.742	100.0
3.7425	100.0
3.743	100.0
3.7435	100.0
3.744	100.0
3.7445	100.0
3.745	100.0
3.7455	100.0
3.746	100.0
3.7465	100.0
3.747	100.0
3.7475	100.0
3.748	100.0
3.7485	100.0
3.749	100.0
3.7495	100.0
3.75	100.0
3.7505	100.0
3.751	100.0
3.7515	100.0
3.752	100.0
3.7525	100.0
3.753	100.0
3.7535	100.0
3.754	100.0
3.7545	100.0
3.755	100.0
3.7555	100.0
3.756	100.0
3.7565	100.0
3.757	100.0
3.7575	100.0
3.758	100.0
3.7585	100.0
3.759	100.0
3.7595	100.0
3.76	100.0
3.7605	100.0
3.761	100.0
3.7615	100.0
3.762	100.0
3.7625	100.0
3.763	100.0
3.7635	100.0
3.764	100.0
3.7645	100.0
3.765	100.0
3.7655	100.0
3.766	100.0
3.7665	100.0
3.767	100.0
3.7675	100.0
3.768	100.0
3.7685	100.0
3.769	100.0
3.7695	100.0
3.77	100.0
3.7705	100.0
3.771	100.0
3.7715	100.0
3.772	100.0
3.7725	100.0
3.773	100.0
3.7735	100.0
3.774	100.0
3.7745	100.0
3.775	100.0
3.7755	100.0
3.776	100.0
3.7765	100.0
3.777	100.0
3.7775	100.0
3.778	100.0
3.7785	100.0
3.779	100.0
3.7795	100.0
3.78	100.0
3.7805	100.0
3.781	100.0
3.7815	100.0
3.782	100.0
3.7825	100.0
3.783	100.0
3.7835	100.0
3.784	100.0
3.7845	100.0
3.785	100.0
3.7855	100.0
3.786	100.0
3.7865	100.0
3.787	100.0
3.7875	100.0
3.788	100.0
3.7885	100.0
3.789	100.0
3.7895	100.0
3.79	100.0
3.7905	100.0
3.791	100.0
3.7915	100.0
3.792	100.0
3.7925	100.0
3.793	100.0
3.7935	100.0
3.794	100.0
3.7945	100.0
3.795	100.0
3.7955	100.0
3.796	100.0
3.7965	100.0
3.797	100.0
3.7975	100.0
3.798	100.0
3.7985	100.0
3.799	100.0
3.7995	100.0
3.8	100.0
3.8005	100.0
3.801	100.0
3.8015	100.0
3.802	100.0
3.8025	100.0
3.803	100.0
3.8035	100.0
3.804	100.0
3.8045	100.0
3.805	100.0
3.8055	100.0
3.806	100.0
3.8065	100.0
3.807	59.0163934426
3.8075	59.0163934426
3.808	59.0163934426
3.8085	59.0163934426
3.809	59.0163934426
3.8095	59.0163934426
3.81	59.0163934426
3.8105	59.0163934426
3.811	59.0163934426
3.8115	30.2631578947
3.812	30.2631578947
3.8125	30.2631578947
3.813	30.2631578947
3.8135	30.2631578947
3.814	30.2631578947
3.8145	30.2631578947
3.815	30.2631578947
3.8155	30.2631578947
3.816	30.2631578947
3.8165	30.2631578947
3.817	30.2631578947
3.8175	30.2631578947
3.818	30.2631578947
3.8185	30.2631578947
3.819	30.2631578947
3.8195	30.2631578947
3.82	30.2631578947
3.8205	30.2631578947
3.821	30.2631578947
3.8215	30.2631578947
3.822	30.2631578947
3.8225	30.2631578947
3.823	30.2631578947
3.8235	30.2631578947
3.824	30.2631578947
3.8245	30.2631578947
3.825	30.2631578947
3.8255	30.2631578947
3.826	30.2631578947
3.8265	30.2631578947
3.827	30.2631578947
3.8275	30.2631578947
3.828	30.2631578947
3.8285	30.2631578947
3.829	30.2631578947
3.8295	30.2631578947
3.83	30.2631578947
3.8305	30.2631578947
3.831	30.2631578947
3.8315	30.2631578947
3.832	30.2631578947
3.8325	30.2631578947
3.833	30.2631578947
3.8335	30.2631578947
3.834	30.2631578947
3.8345	30.2631578947
3.835	30.2631578947
3.8355	30.2631578947
3.836	30.2631578947
3.8365	30.2631578947
3.837	30.2631578947
3.8375	30.2631578947
3.838	30.2631578947
3.8385	30.2631578947
3.839	30.2631578947
3.8395	30.2631578947
3.84	30.2631578947
3.8405	30.2631578947
3.841	30.2631578947
3.8415	30.2631578947
3.842	30.2631578947
3.8425	30.2631578947
3.843	30.2631578947
3.8435	30.2631578947
3.844	30.2631578947
3.8445	30.2631578947
3.845	30.2631578947
3.8455	30.2631578947
3.846	30.2631578947
3.8465	30.2631578947
3.847	30.2631578947
3.8475	30.2631578947
3.848	30.2631578947
3.8485	30.2631578947
3.849	30.2631578947
3.8495	30.2631578947
3.85	30.2631578947
3.8505	30.2631578947
3.851	30.2631578947
3.8515	30.2631578947
3.852	30.2631578947
3.8525	30.2631578947
3.853	30.2631578947
3.8535	30.2631578947
3.854	30.2631578947
3.8545	30.2631578947
3.855	30.2631578947
3.8555	30.2631578947
3.856	30.2631578947
3.8565	30.2631578947
3.857	30.2631578947
3.8575	30.2631578947
3.858	30.2631578947
3.8585	30.2631578947
3.859	30.2631578947
3.8595	30.2631578947
3.86	30.2631578947
3.8605	30.2631578947
3.861	30.2631578947
3.8615	30.2631578947
3.862	30.2631578947
3.8625	30.2631578947
3.863	30.2631578947
3.8635	30.2631578947
3.864	30.2631578947
3.8645	30.2631578947
3.865	30.2631578947
3.8655	30.2631578947
3.866	30.2631578947
3.8665	30.2631578947
3.867	30.2631578947
3.8675	30.2631578947
3.868	30.2631578947
3.8685	30.2631578947
3.869	30.2631578947
3.8695	30.2631578947
3.87	30.2631578947
3.8705	30.2631578947
3.871	30.2631578947
3.8715	30.2631578947
3.872	30.2631578947
3.8725	30.2631578947
3.873	30.2631578947
3.8735	30.2631578947
3.874	30.2631578947
3.8745	30.2631578947
3.875	30.2631578947
3.8755	30.2631578947
3.876	30.2631578947
3.8765	30.2631578947
3.877	30.2631578947
3.8775	30.2631578947
3.878	30.2631578947
3.8785	30.2631578947
3.879	30.2631578947
3.8795	30.2631578947
3.88	30.2631578947
3.8805	30.2631578947
3.881	30.2631578947
3.8815	30.2631578947
3.882	30.2631578947
3.8825	30.2631578947
3.883	30.2631578947
3.8835	30.2631578947
3.884	30.2631578947
3.8845	30.2631578947
3.885	30.2631578947
3.8855	30.2631578947
3.886	30.2631578947
3.8865	30.2631578947
3.887	30.2631578947
3.8875	30.2631578947
3.888	30.2631578947
3.8885	30.2631578947
3.889	30.2631578947
3.8895	30.2631578947
3.89	30.2631578947
3.8905	30.2631578947
3.891	30.2631578947
3.8915	30.2631578947
3.892	30.2631578947
3.8925	30.2631578947
3.893	30.2631578947
3.8935	30.2631578947
3.894	30.2631578947
3.8945	30.2631578947
3.895	30.2631578947
3.8955	30.2631578947
3.896	30.2631578947
3.8965	30.2631578947
3.897	30.2631578947
3.8975	30.2631578947
3.898	30.2631578947
3.8985	30.2631578947
3.899	30.2631578947
3.8995	30.2631578947
3.9	30.2631578947
3.9005	30.2631578947
3.901	30.2631578947
3.9015	30.2631578947
3.902	30.2631578947
3.9025	30.2631578947
3.903	30.2631578947
3.9035	30.2631578947
3.904	30.2631578947
3.9045	30.2631578947
3.905	30.2631578947
3.9055	30.2631578947
3.906	30.2631578947
3.9065	30.2631578947
3.907	30.2631578947
3.9075	30.2631578947
3.908	30.2631578947
3.9085	30.2631578947
3.909	30.2631578947
3.9095	30.2631578947
3.91	30.2631578947
3.9105	30.2631578947
3.911	30.2631578947
3.9115	30.2631578947
3.912	30.2631578947
3.9125	30.2631578947
3.913	30.2631578947
3.9135	30.2631578947
3.914	30.2631578947
3.9145	30.2631578947
3.915	30.2631578947
3.9155	30.2631578947
3.916	30.2631578947
3.9165	30.2631578947
3.917	30.2631578947
3.9175	30.2631578947
3.918	30.2631578947
3.9185	30.2631578947
3.919	30.2631578947
3.9195	30.2631578947
3.92	30.2631578947
3.9205	30.2631578947
3.921	30.2631578947
3.9215	30.2631578947
3.922	30.2631578947
3.9225	30.2631578947
3.923	30.2631578947
3.9235	30.2631578947
3.924	30.2631578947
3.9245	30.2631578947
3.925	30.2631578947
3.9255	30.2631578947
3.926	30.2631578947
3.9265	30.2631578947
3.927	30.2631578947
3.9275	30.2631578947
3.928	30.2631578947
3.9285	30.2631578947
3.929	30.2631578947
3.9295	30.2631578947
3.93	30.2631578947
3.9305	30.2631578947
3.931	30.2631578947
3.9315	30.2631578947
3.932	30.2631578947
3.9325	30.2631578947
3.933	30.2631578947
3.9335	30.2631578947
3.934	30.2631578947
3.9345	30.2631578947
3.935	30.2631578947
3.9355	30.2631578947
3.936	30.2631578947
3.9365	30.2631578947
3.937	30.2631578947
3.9375	30.2631578947
3.938	30.2631578947
3.9385	30.2631578947
3.939	30.2631578947
3.9395	30.2631578947
3.94	30.2631578947
3.9405	30.2631578947
3.941	7.44680851064
3.9415	7.44680851064
3.942	7.44680851064
3.9425	7.44680851064
3.943	7.44680851064
3.9435	7.44680851064
3.944	7.44680851064
3.9445	7.44680851064
3.945	7.44680851064
3.9455	7.44680851064
3.946	7.44680851064
3.9465	7.44680851064
3.947	7.44680851064
3.9475	7.44680851064
3.948	7.44680851064
3.9485	7.44680851064
3.949	7.44680851064
3.9495	7.44680851064
3.95	7.44680851064
3.9505	0.980392156863
3.951	0.980392156863
3.9515	0.980392156863
3.952	0.980392156863
3.9525	0.980392156863
3.953	0.980392156863
3.9535	0.980392156863
3.954	0.980392156863
3.9545	0.980392156863
3.955	0.980392156863
3.9555	0.980392156863
3.956	0.980392156863
3.9565	0.980392156863
3.957	0.980392156863
3.9575	0.980392156863
3.958	0.980392156863
3.9585	0.980392156863
3.959	0.980392156863
3.9595	0.980392156863
3.96	0.980392156863
3.9605	0.980392156863
3.961	0.980392156863
3.9615	0.980392156863
3.962	0.980392156863
3.9625	0.980392156863
3.963	0.980392156863
3.9635	0.980392156863
3.964	0.980392156863
3.9645	0.980392156863
3.965	0.980392156863
3.9655	0.980392156863
3.966	0.980392156863
3.9665	0.980392156863
3.967	0.980392156863
3.9675	0.980392156863
3.968	0.980392156863
3.9685	0.980392156863
3.969	0.980392156863
3.9695	0.980392156863
3.97	0.980392156863
3.9705	0.980392156863
3.971	0.980392156863
3.9715	0.980392156863
3.972	0.980392156863
3.9725	0.980392156863
3.973	0.980392156863
3.9735	0.980392156863
3.974	0.980392156863
3.9745	0.980392156863
3.975	0.980392156863
3.9755	0.980392156863
3.976	0.980392156863
3.9765	0.980392156863
3.977	0.980392156863
3.9775	0.980392156863
3.978	0.980392156863
3.9785	0.980392156863
3.979	0.980392156863
3.9795	0.980392156863
3.98	0.980392156863
3.9805	0.980392156863
3.981	0.980392156863
3.9815	0.980392156863
3.982	0.980392156863
3.9825	0.980392156863
3.983	0.980392156863
3.9835	0.980392156863
3.984	0.980392156863
3.9845	0.980392156863
3.985	0.980392156863
3.9855	0.980392156863
3.986	0.980392156863
3.9865	0.980392156863
3.987	0.980392156863
3.9875	0.980392156863
3.988	0.980392156863
3.9885	0.980392156863
3.989	0.980392156863
3.9895	0.980392156863
3.99	0.980392156863
3.9905	0.980392156863
3.991	0.980392156863
3.9915	0.980392156863
3.992	0.980392156863
3.9925	0.980392156863
3.993	0.980392156863
3.9935	0.980392156863
3.994	0.980392156863
3.9945	0.980392156863
3.995	0.980392156863
3.9955	0.980392156863
3.996	0.980392156863
3.9965	0.980392156863
3.997	0.980392156863
3.9975	0.980392156863
3.998	0.980392156863
3.9985	0.980392156863
3.999	0.980392156863
3.9995	0.980392156863
4.0	0.980392156863
4.0005	0.980392156863
4.001	0.980392156863
4.0015	0.980392156863
4.002	0.980392156863
4.0025	0.980392156863
4.003	0.980392156863
4.0035	0.980392156863
4.004	0.980392156863
4.0045	0.980392156863
4.005	0.980392156863
4.0055	0.980392156863
4.006	0.980392156863
4.0065	0.980392156863
4.007	0.980392156863
4.0075	0.980392156863
4.008	0.980392156863
4.0085	0.980392156863
4.009	0.980392156863
4.0095	0.980392156863
4.01	0.980392156863
4.0105	0.980392156863
4.011	0.980392156863
4.0115	0.980392156863
4.012	0.980392156863
4.0125	0.980392156863
4.013	0.980392156863
4.0135	0.980392156863
4.014	0.980392156863
4.0145	0.980392156863
4.015	0.980392156863
4.0155	0.980392156863
4.016	0.980392156863
4.0165	0.980392156863
4.017	0.980392156863
4.0175	0.980392156863
4.018	0.980392156863
4.0185	0.980392156863
4.019	0.980392156863
4.0195	0.980392156863
4.02	0.980392156863
4.0205	0.980392156863
4.021	0.980392156863
4.0215	0.980392156863
4.022	0.980392156863
4.0225	0.980392156863
4.023	0.980392156863
4.0235	0.980392156863
4.024	0.980392156863
4.0245	0.980392156863
4.025	0.980392156863
4.0255	0.980392156863
4.026	0.980392156863
4.0265	0.980392156863
4.027	0.980392156863
4.0275	0.980392156863
4.028	0.980392156863
4.0285	0.980392156863
4.029	0.980392156863
4.0295	0.980392156863
4.03	0.980392156863
4.0305	0.980392156863
4.031	0.980392156863
4.0315	0.980392156863
4.032	0.980392156863
4.0325	0.980392156863
4.033	0.980392156863
4.0335	0.980392156863
4.034	0.980392156863
4.0345	0.980392156863
4.035	0.980392156863
4.0355	0.980392156863
4.036	0.980392156863
4.0365	0.980392156863
4.037	0.980392156863
4.0375	0.980392156863
4.038	0.980392156863
4.0385	0.980392156863
4.039	0.980392156863
4.0395	0.980392156863
4.04	0.980392156863
4.0405	0.980392156863
4.041	0.980392156863
4.0415	0.980392156863
4.042	0.980392156863
4.0425	0.980392156863
4.043	0.980392156863
4.0435	0.980392156863
4.044	0.980392156863
4.0445	0.980392156863
4.045	0.980392156863
4.0455	0.980392156863
4.046	0.980392156863
4.0465	0.980392156863
4.047	0.980392156863
4.0475	0.980392156863
4.048	0.980392156863
4.0485	0.980392156863
4.049	0.980392156863
4.0495	0.980392156863
4.05	0.980392156863
4.0505	0.980392156863
4.051	0.980392156863
4.0515	0.980392156863
4.052	0.980392156863
4.0525	0.980392156863
4.053	0.980392156863
4.0535	0.980392156863
4.054	0.980392156863
4.0545	0.980392156863
4.055	0.980392156863
4.0555	0.980392156863
4.056	0.980392156863
4.0565	0.980392156863
4.057	0.980392156863
4.0575	0.980392156863
4.058	0.980392156863
4.0585	0.980392156863
4.059	0.980392156863
4.0595	0.980392156863
4.06	0.980392156863
4.0605	0.980392156863
4.061	0.980392156863
4.0615	0.980392156863
4.062	0.980392156863
4.0625	0.980392156863
4.063	0.980392156863
4.0635	0.980392156863
4.064	0.980392156863
4.0645	0.980392156863
4.065	0.980392156863
4.0655	0.980392156863
4.066	0.980392156863
4.0665	0.980392156863
4.067	0.980392156863
4.0675	0.980392156863
4.068	0.980392156863
4.0685	0.980392156863
4.069	0.980392156863
4.0695	0.980392156863
4.07	0.980392156863
4.0705	0.980392156863
4.071	0.980392156863
4.0715	0.980392156863
4.072	0.980392156863
4.0725	0.980392156863
4.073	0.980392156863
4.0735	0.980392156863
4.074	0.980392156863
4.0745	0.980392156863
4.075	0.980392156863
4.0755	0.970873786408
4.076	0.970873786408
4.0765	0.970873786408
4.077	0.970873786408
4.0775	0.970873786408
4.078	0.970873786408
4.0785	0.970873786408
4.079	0.970873786408
