rCut Vs Percentages	Au38_Au38_original_Au38_twist_[1,1,1]_axis_20_degrees_oneFace_rCut_2.884_4.0786-0.0005_CNA_tolerance_0
2.884	0.0
2.8845	0.0
2.885	63.1578947368
2.8855	63.1578947368
2.886	63.1578947368
2.8865	63.1578947368
2.887	63.1578947368
2.8875	63.1578947368
2.888	63.1578947368
2.8885	63.1578947368
2.889	63.1578947368
2.8895	63.1578947368
2.89	63.1578947368
2.8905	63.1578947368
2.891	63.1578947368
2.8915	63.1578947368
2.892	63.1578947368
2.8925	63.1578947368
2.893	63.1578947368
2.8935	63.1578947368
2.894	63.1578947368
2.8945	63.1578947368
2.895	63.1578947368
2.8955	63.1578947368
2.896	63.1578947368
2.8965	63.1578947368
2.897	63.1578947368
2.8975	63.1578947368
2.898	63.1578947368
2.8985	63.1578947368
2.899	63.1578947368
2.8995	63.1578947368
2.9	63.1578947368
2.9005	63.1578947368
2.901	63.1578947368
2.9015	63.1578947368
2.902	63.1578947368
2.9025	63.1578947368
2.903	63.1578947368
2.9035	63.1578947368
2.904	63.1578947368
2.9045	63.1578947368
2.905	63.1578947368
2.9055	63.1578947368
2.906	63.1578947368
2.9065	63.1578947368
2.907	63.1578947368
2.9075	63.1578947368
2.908	63.1578947368
2.9085	63.1578947368
2.909	63.1578947368
2.9095	63.1578947368
2.91	63.1578947368
2.9105	63.1578947368
2.911	63.1578947368
2.9115	63.1578947368
2.912	63.1578947368
2.9125	63.1578947368
2.913	63.1578947368
2.9135	63.1578947368
2.914	63.1578947368
2.9145	63.1578947368
2.915	63.1578947368
2.9155	63.1578947368
2.916	63.1578947368
2.9165	63.1578947368
2.917	63.1578947368
2.9175	63.1578947368
2.918	63.1578947368
2.9185	63.1578947368
2.919	63.1578947368
2.9195	63.1578947368
2.92	63.1578947368
2.9205	63.1578947368
2.921	63.1578947368
2.9215	63.1578947368
2.922	63.1578947368
2.9225	63.1578947368
2.923	63.1578947368
2.9235	63.1578947368
2.924	63.1578947368
2.9245	63.1578947368
2.925	63.1578947368
2.9255	63.1578947368
2.926	63.1578947368
2.9265	63.1578947368
2.927	63.1578947368
2.9275	63.1578947368
2.928	63.1578947368
2.9285	63.1578947368
2.929	63.1578947368
2.9295	63.1578947368
2.93	63.1578947368
2.9305	63.1578947368
2.931	63.1578947368
2.9315	63.1578947368
2.932	63.1578947368
2.9325	63.1578947368
2.933	63.1578947368
2.9335	63.1578947368
2.934	63.1578947368
2.9345	63.1578947368
2.935	63.1578947368
2.9355	63.1578947368
2.936	63.1578947368
2.9365	63.1578947368
2.937	63.1578947368
2.9375	63.1578947368
2.938	63.1578947368
2.9385	63.1578947368
2.939	63.1578947368
2.9395	63.1578947368
2.94	63.1578947368
2.9405	63.1578947368
2.941	63.1578947368
2.9415	63.1578947368
2.942	63.1578947368
2.9425	63.1578947368
2.943	63.1578947368
2.9435	63.1578947368
2.944	63.1578947368
2.9445	63.1578947368
2.945	63.1578947368
2.9455	63.1578947368
2.946	63.1578947368
2.9465	63.1578947368
2.947	63.1578947368
2.9475	63.1578947368
2.948	63.1578947368
2.9485	63.1578947368
2.949	63.1578947368
2.9495	63.1578947368
2.95	63.1578947368
2.9505	63.1578947368
2.951	63.1578947368
2.9515	63.1578947368
2.952	63.1578947368
2.9525	63.1578947368
2.953	63.1578947368
2.9535	63.1578947368
2.954	63.1578947368
2.9545	63.1578947368
2.955	63.1578947368
2.9555	63.1578947368
2.956	63.1578947368
2.9565	63.1578947368
2.957	63.1578947368
2.9575	63.1578947368
2.958	63.1578947368
2.9585	63.1578947368
2.959	63.1578947368
2.9595	63.1578947368
2.96	63.1578947368
2.9605	63.1578947368
2.961	63.1578947368
2.9615	63.1578947368
2.962	63.1578947368
2.9625	63.1578947368
2.963	63.1578947368
2.9635	63.1578947368
2.964	63.1578947368
2.9645	63.1578947368
2.965	63.1578947368
2.9655	63.1578947368
2.966	63.1578947368
2.9665	63.1578947368
2.967	63.1578947368
2.9675	63.1578947368
2.968	63.1578947368
2.9685	63.1578947368
2.969	63.1578947368
2.9695	63.1578947368
2.97	63.1578947368
2.9705	63.1578947368
2.971	63.1578947368
2.9715	63.1578947368
2.972	63.1578947368
2.9725	63.1578947368
2.973	63.1578947368
2.9735	63.1578947368
2.974	63.1578947368
2.9745	63.1578947368
2.975	63.1578947368
2.9755	63.1578947368
2.976	63.1578947368
2.9765	63.1578947368
2.977	63.1578947368
2.9775	63.1578947368
2.978	63.1578947368
2.9785	63.1578947368
2.979	63.1578947368
2.9795	63.1578947368
2.98	63.1578947368
2.9805	63.1578947368
2.981	63.1578947368
2.9815	63.1578947368
2.982	63.1578947368
2.9825	63.1578947368
2.983	63.1578947368
2.9835	63.1578947368
2.984	63.1578947368
2.9845	63.1578947368
2.985	63.1578947368
2.9855	63.1578947368
2.986	63.1578947368
2.9865	63.1578947368
2.987	63.1578947368
2.9875	63.1578947368
2.988	63.1578947368
2.9885	63.1578947368
2.989	63.1578947368
2.9895	63.1578947368
2.99	63.1578947368
2.9905	63.1578947368
2.991	63.1578947368
2.9915	63.1578947368
2.992	63.1578947368
2.9925	63.1578947368
2.993	63.1578947368
2.9935	63.1578947368
2.994	63.1578947368
2.9945	63.1578947368
2.995	63.1578947368
2.9955	63.1578947368
2.996	63.1578947368
2.9965	63.1578947368
2.997	63.1578947368
2.9975	63.1578947368
2.998	63.1578947368
2.9985	63.1578947368
2.999	63.1578947368
2.9995	63.1578947368
3.0	63.1578947368
3.0005	63.1578947368
3.001	63.1578947368
3.0015	63.1578947368
3.002	63.1578947368
3.0025	63.1578947368
3.003	63.1578947368
3.0035	63.1578947368
3.004	63.1578947368
3.0045	63.1578947368
3.005	63.1578947368
3.0055	63.1578947368
3.006	63.1578947368
3.0065	63.1578947368
3.007	63.1578947368
3.0075	63.1578947368
3.008	63.1578947368
3.0085	63.1578947368
3.009	63.1578947368
3.0095	63.1578947368
3.01	63.1578947368
3.0105	63.1578947368
3.011	63.1578947368
3.0115	63.1578947368
3.012	63.1578947368
3.0125	63.1578947368
3.013	63.1578947368
3.0135	63.1578947368
3.014	63.1578947368
3.0145	63.1578947368
3.015	63.1578947368
3.0155	63.1578947368
3.016	63.1578947368
3.0165	63.1578947368
3.017	63.1578947368
3.0175	63.1578947368
3.018	63.1578947368
3.0185	63.1578947368
3.019	63.1578947368
3.0195	63.1578947368
3.02	63.1578947368
3.0205	63.1578947368
3.021	63.1578947368
3.0215	63.1578947368
3.022	63.1578947368
3.0225	63.1578947368
3.023	63.1578947368
3.0235	63.1578947368
3.024	63.1578947368
3.0245	63.1578947368
3.025	63.1578947368
3.0255	63.1578947368
3.026	63.1578947368
3.0265	63.1578947368
3.027	63.1578947368
3.0275	63.1578947368
3.028	63.1578947368
3.0285	63.1578947368
3.029	63.1578947368
3.0295	63.1578947368
3.03	63.1578947368
3.0305	63.1578947368
3.031	63.1578947368
3.0315	63.1578947368
3.032	63.1578947368
3.0325	63.1578947368
3.033	63.1578947368
3.0335	63.1578947368
3.034	63.1578947368
3.0345	63.1578947368
3.035	63.1578947368
3.0355	63.1578947368
3.036	63.1578947368
3.0365	63.1578947368
3.037	63.1578947368
3.0375	63.1578947368
3.038	63.1578947368
3.0385	63.1578947368
3.039	63.1578947368
3.0395	63.1578947368
3.04	63.1578947368
3.0405	63.1578947368
3.041	63.1578947368
3.0415	63.1578947368
3.042	63.1578947368
3.0425	63.1578947368
3.043	63.1578947368
3.0435	63.1578947368
3.044	63.1578947368
3.0445	63.1578947368
3.045	63.1578947368
3.0455	63.1578947368
3.046	63.1578947368
3.0465	63.1578947368
3.047	63.1578947368
3.0475	63.1578947368
3.048	63.1578947368
3.0485	63.1578947368
3.049	63.1578947368
3.0495	63.1578947368
3.05	63.1578947368
3.0505	63.1578947368
3.051	63.1578947368
3.0515	63.1578947368
3.052	63.1578947368
3.0525	63.1578947368
3.053	63.1578947368
3.0535	63.1578947368
3.054	63.1578947368
3.0545	63.1578947368
3.055	63.1578947368
3.0555	63.1578947368
3.056	63.1578947368
3.0565	63.1578947368
3.057	63.1578947368
3.0575	63.1578947368
3.058	63.1578947368
3.0585	63.1578947368
3.059	63.1578947368
3.0595	63.1578947368
3.06	63.1578947368
3.0605	63.1578947368
3.061	63.1578947368
3.0615	63.1578947368
3.062	63.1578947368
3.0625	63.1578947368
3.063	63.1578947368
3.0635	63.1578947368
3.064	63.1578947368
3.0645	63.1578947368
3.065	63.1578947368
3.0655	63.1578947368
3.066	63.1578947368
3.0665	63.1578947368
3.067	63.1578947368
3.0675	63.1578947368
3.068	63.1578947368
3.0685	63.1578947368
3.069	63.1578947368
3.0695	63.1578947368
3.07	63.1578947368
3.0705	63.1578947368
3.071	63.1578947368
3.0715	63.1578947368
3.072	63.1578947368
3.0725	63.1578947368
3.073	63.1578947368
3.0735	63.1578947368
3.074	63.1578947368
3.0745	63.1578947368
3.075	63.1578947368
3.0755	63.1578947368
3.076	63.1578947368
3.0765	63.1578947368
3.077	63.1578947368
3.0775	63.1578947368
3.078	63.1578947368
3.0785	63.1578947368
3.079	63.1578947368
3.0795	63.1578947368
3.08	63.1578947368
3.0805	63.1578947368
3.081	63.1578947368
3.0815	63.1578947368
3.082	63.1578947368
3.0825	63.1578947368
3.083	63.1578947368
3.0835	63.1578947368
3.084	63.1578947368
3.0845	63.1578947368
3.085	63.1578947368
3.0855	63.1578947368
3.086	63.1578947368
3.0865	63.1578947368
3.087	63.1578947368
3.0875	63.1578947368
3.088	63.1578947368
3.0885	63.1578947368
3.089	63.1578947368
3.0895	63.1578947368
3.09	63.1578947368
3.0905	63.1578947368
3.091	63.1578947368
3.0915	63.1578947368
3.092	63.1578947368
3.0925	63.1578947368
3.093	63.1578947368
3.0935	63.1578947368
3.094	63.1578947368
3.0945	63.1578947368
3.095	63.1578947368
3.0955	63.1578947368
3.096	63.1578947368
3.0965	63.1578947368
3.097	63.1578947368
3.0975	63.1578947368
3.098	63.1578947368
3.0985	63.1578947368
3.099	63.1578947368
3.0995	63.1578947368
3.1	63.1578947368
3.1005	63.1578947368
3.101	63.1578947368
3.1015	63.1578947368
3.102	63.1578947368
3.1025	63.1578947368
3.103	63.1578947368
3.1035	63.1578947368
3.104	63.1578947368
3.1045	63.1578947368
3.105	63.1578947368
3.1055	63.1578947368
3.106	63.1578947368
3.1065	63.1578947368
3.107	63.1578947368
3.1075	63.1578947368
3.108	63.1578947368
3.1085	63.1578947368
3.109	63.1578947368
3.1095	63.1578947368
3.11	63.1578947368
3.1105	63.1578947368
3.111	63.1578947368
3.1115	63.1578947368
3.112	63.1578947368
3.1125	63.1578947368
3.113	63.1578947368
3.1135	63.1578947368
3.114	63.1578947368
3.1145	63.1578947368
3.115	63.1578947368
3.1155	63.1578947368
3.116	63.1578947368
3.1165	63.1578947368
3.117	63.1578947368
3.1175	63.1578947368
3.118	63.1578947368
3.1185	63.1578947368
3.119	63.1578947368
3.1195	63.1578947368
3.12	63.1578947368
3.1205	63.1578947368
3.121	63.1578947368
3.1215	63.1578947368
3.122	63.1578947368
3.1225	63.1578947368
3.123	63.1578947368
3.1235	63.1578947368
3.124	63.1578947368
3.1245	63.1578947368
3.125	63.1578947368
3.1255	63.1578947368
3.126	63.1578947368
3.1265	63.1578947368
3.127	63.1578947368
3.1275	63.1578947368
3.128	63.1578947368
3.1285	63.1578947368
3.129	63.1578947368
3.1295	63.1578947368
3.13	63.1578947368
3.1305	63.1578947368
3.131	63.1578947368
3.1315	63.1578947368
3.132	63.1578947368
3.1325	63.1578947368
3.133	63.1578947368
3.1335	63.1578947368
3.134	63.1578947368
3.1345	63.1578947368
3.135	63.1578947368
3.1355	63.1578947368
3.136	63.1578947368
3.1365	63.1578947368
3.137	63.1578947368
3.1375	63.1578947368
3.138	63.1578947368
3.1385	63.1578947368
3.139	63.1578947368
3.1395	63.1578947368
3.14	63.1578947368
3.1405	63.1578947368
3.141	63.1578947368
3.1415	63.1578947368
3.142	63.1578947368
3.1425	63.1578947368
3.143	63.1578947368
3.1435	63.1578947368
3.144	63.1578947368
3.1445	63.1578947368
3.145	63.1578947368
3.1455	63.1578947368
3.146	63.1578947368
3.1465	63.1578947368
3.147	63.1578947368
3.1475	63.1578947368
3.148	63.1578947368
3.1485	63.1578947368
3.149	63.1578947368
3.1495	63.1578947368
3.15	63.1578947368
3.1505	63.1578947368
3.151	63.1578947368
3.1515	63.1578947368
3.152	63.1578947368
3.1525	63.1578947368
3.153	63.1578947368
3.1535	63.1578947368
3.154	63.1578947368
3.1545	63.1578947368
3.155	63.1578947368
3.1555	63.1578947368
3.156	63.1578947368
3.1565	63.1578947368
3.157	63.1578947368
3.1575	63.1578947368
3.158	63.1578947368
3.1585	63.1578947368
3.159	63.1578947368
3.1595	63.1578947368
3.16	63.1578947368
3.1605	63.1578947368
3.161	63.1578947368
3.1615	63.1578947368
3.162	63.1578947368
3.1625	63.1578947368
3.163	63.1578947368
3.1635	63.1578947368
3.164	63.1578947368
3.1645	63.1578947368
3.165	63.1578947368
3.1655	63.1578947368
3.166	63.1578947368
3.1665	63.1578947368
3.167	63.1578947368
3.1675	63.1578947368
3.168	63.1578947368
3.1685	63.1578947368
3.169	63.1578947368
3.1695	63.1578947368
3.17	63.1578947368
3.1705	63.1578947368
3.171	63.1578947368
3.1715	63.1578947368
3.172	63.1578947368
3.1725	63.1578947368
3.173	63.1578947368
3.1735	63.1578947368
3.174	63.1578947368
3.1745	63.1578947368
3.175	63.1578947368
3.1755	63.1578947368
3.176	63.1578947368
3.1765	63.1578947368
3.177	63.1578947368
3.1775	63.1578947368
3.178	63.1578947368
3.1785	63.1578947368
3.179	63.1578947368
3.1795	63.1578947368
3.18	63.1578947368
3.1805	63.1578947368
3.181	63.1578947368
3.1815	63.1578947368
3.182	63.1578947368
3.1825	63.1578947368
3.183	63.1578947368
3.1835	63.1578947368
3.184	63.1578947368
3.1845	63.1578947368
3.185	63.1578947368
3.1855	63.1578947368
3.186	63.1578947368
3.1865	63.1578947368
3.187	63.1578947368
3.1875	63.1578947368
3.188	63.1578947368
3.1885	63.1578947368
3.189	63.1578947368
3.1895	63.1578947368
3.19	63.1578947368
3.1905	63.1578947368
3.191	63.1578947368
3.1915	63.1578947368
3.192	63.1578947368
3.1925	63.1578947368
3.193	63.1578947368
3.1935	63.1578947368
3.194	63.1578947368
3.1945	63.1578947368
3.195	63.1578947368
3.1955	63.1578947368
3.196	63.1578947368
3.1965	63.1578947368
3.197	63.1578947368
3.1975	63.1578947368
3.198	63.1578947368
3.1985	63.1578947368
3.199	63.1578947368
3.1995	63.1578947368
3.2	63.1578947368
3.2005	63.1578947368
3.201	63.1578947368
3.2015	63.1578947368
3.202	63.1578947368
3.2025	63.1578947368
3.203	63.1578947368
3.2035	63.1578947368
3.204	63.1578947368
3.2045	63.1578947368
3.205	63.1578947368
3.2055	63.1578947368
3.206	63.1578947368
3.2065	63.1578947368
3.207	63.1578947368
3.2075	63.1578947368
3.208	63.1578947368
3.2085	63.1578947368
3.209	63.1578947368
3.2095	63.1578947368
3.21	63.1578947368
3.2105	63.1578947368
3.211	63.1578947368
3.2115	63.1578947368
3.212	63.1578947368
3.2125	63.1578947368
3.213	63.1578947368
3.2135	63.1578947368
3.214	63.1578947368
3.2145	63.1578947368
3.215	63.1578947368
3.2155	63.1578947368
3.216	63.1578947368
3.2165	63.1578947368
3.217	63.1578947368
3.2175	63.1578947368
3.218	63.1578947368
3.2185	63.1578947368
3.219	63.1578947368
3.2195	63.1578947368
3.22	63.1578947368
3.2205	63.1578947368
3.221	63.1578947368
3.2215	63.1578947368
3.222	63.1578947368
3.2225	63.1578947368
3.223	63.1578947368
3.2235	63.1578947368
3.224	63.1578947368
3.2245	63.1578947368
3.225	63.1578947368
3.2255	63.1578947368
3.226	63.1578947368
3.2265	63.1578947368
3.227	63.1578947368
3.2275	63.1578947368
3.228	63.1578947368
3.2285	63.1578947368
3.229	63.1578947368
3.2295	63.1578947368
3.23	63.1578947368
3.2305	63.1578947368
3.231	63.1578947368
3.2315	63.1578947368
3.232	63.1578947368
3.2325	63.1578947368
3.233	63.1578947368
3.2335	63.1578947368
3.234	63.1578947368
3.2345	63.1578947368
3.235	63.1578947368
3.2355	63.1578947368
3.236	74.0740740741
3.2365	74.0740740741
3.237	74.0740740741
3.2375	74.0740740741
3.238	74.0740740741
3.2385	74.0740740741
3.239	74.0740740741
3.2395	74.0740740741
3.24	74.0740740741
3.2405	74.0740740741
3.241	74.0740740741
3.2415	74.0740740741
3.242	74.0740740741
3.2425	74.0740740741
3.243	74.0740740741
3.2435	74.0740740741
3.244	74.0740740741
3.2445	74.0740740741
3.245	74.0740740741
3.2455	74.0740740741
3.246	74.0740740741
3.2465	74.0740740741
3.247	74.0740740741
3.2475	74.0740740741
3.248	74.0740740741
3.2485	74.0740740741
3.249	74.0740740741
3.2495	74.0740740741
3.25	74.0740740741
3.2505	74.0740740741
3.251	74.0740740741
3.2515	74.0740740741
3.252	74.0740740741
3.2525	74.0740740741
3.253	74.0740740741
3.2535	74.0740740741
3.254	74.0740740741
3.2545	74.0740740741
3.255	74.0740740741
3.2555	74.0740740741
3.256	74.0740740741
3.2565	74.0740740741
3.257	74.0740740741
3.2575	74.0740740741
3.258	74.0740740741
3.2585	74.0740740741
3.259	74.0740740741
3.2595	74.0740740741
3.26	74.0740740741
3.2605	74.0740740741
3.261	74.0740740741
3.2615	74.0740740741
3.262	74.0740740741
3.2625	74.0740740741
3.263	74.0740740741
3.2635	74.0740740741
3.264	74.0740740741
3.2645	74.0740740741
3.265	74.0740740741
3.2655	74.0740740741
3.266	74.0740740741
3.2665	74.0740740741
3.267	74.0740740741
3.2675	74.0740740741
3.268	74.0740740741
3.2685	74.0740740741
3.269	74.0740740741
3.2695	74.0740740741
3.27	74.0740740741
3.2705	74.0740740741
3.271	74.0740740741
3.2715	74.0740740741
3.272	74.0740740741
3.2725	74.0740740741
3.273	74.0740740741
3.2735	74.0740740741
3.274	74.0740740741
3.2745	74.0740740741
3.275	74.0740740741
3.2755	74.0740740741
3.276	74.0740740741
3.2765	74.0740740741
3.277	74.0740740741
3.2775	74.0740740741
3.278	74.0740740741
3.2785	74.0740740741
3.279	74.0740740741
3.2795	74.0740740741
3.28	74.0740740741
3.2805	74.0740740741
3.281	74.0740740741
3.2815	74.0740740741
3.282	74.0740740741
3.2825	74.0740740741
3.283	74.0740740741
3.2835	74.0740740741
3.284	74.0740740741
3.2845	74.0740740741
3.285	74.0740740741
3.2855	74.0740740741
3.286	74.0740740741
3.2865	74.0740740741
3.287	74.0740740741
3.2875	74.0740740741
3.288	74.0740740741
3.2885	74.0740740741
3.289	74.0740740741
3.2895	74.0740740741
3.29	74.0740740741
3.2905	74.0740740741
3.291	74.0740740741
3.2915	74.0740740741
3.292	74.0740740741
3.2925	74.0740740741
3.293	74.0740740741
3.2935	74.0740740741
3.294	74.0740740741
3.2945	74.0740740741
3.295	74.0740740741
3.2955	74.0740740741
3.296	74.0740740741
3.2965	74.0740740741
3.297	74.0740740741
3.2975	74.0740740741
3.298	74.0740740741
3.2985	74.0740740741
3.299	74.0740740741
3.2995	74.0740740741
3.3	74.0740740741
3.3005	74.0740740741
3.301	74.0740740741
3.3015	74.0740740741
3.302	74.0740740741
3.3025	74.0740740741
3.303	74.0740740741
3.3035	74.0740740741
3.304	74.0740740741
3.3045	74.0740740741
3.305	74.0740740741
3.3055	74.0740740741
3.306	74.0740740741
3.3065	74.0740740741
3.307	74.0740740741
3.3075	74.0740740741
3.308	74.0740740741
3.3085	74.0740740741
3.309	74.0740740741
3.3095	74.0740740741
3.31	74.0740740741
3.3105	74.0740740741
3.311	74.0740740741
3.3115	74.0740740741
3.312	74.0740740741
3.3125	74.0740740741
3.313	74.0740740741
3.3135	74.0740740741
3.314	74.0740740741
3.3145	74.0740740741
3.315	74.0740740741
3.3155	74.0740740741
3.316	74.0740740741
3.3165	74.0740740741
3.317	74.0740740741
3.3175	74.0740740741
3.318	74.0740740741
3.3185	74.0740740741
3.319	74.0740740741
3.3195	74.0740740741
3.32	74.0740740741
3.3205	74.0740740741
3.321	74.0740740741
3.3215	74.0740740741
3.322	74.0740740741
3.3225	74.0740740741
3.323	74.0740740741
3.3235	74.0740740741
3.324	74.0740740741
3.3245	74.0740740741
3.325	74.0740740741
3.3255	74.0740740741
3.326	74.0740740741
3.3265	74.0740740741
3.327	74.0740740741
3.3275	74.0740740741
3.328	74.0740740741
3.3285	72.7272727273
3.329	72.7272727273
3.3295	72.7272727273
3.33	72.7272727273
3.3305	72.7272727273
3.331	72.7272727273
3.3315	72.7272727273
3.332	72.7272727273
3.3325	72.7272727273
3.333	72.7272727273
3.3335	72.7272727273
3.334	72.7272727273
3.3345	72.7272727273
3.335	72.7272727273
3.3355	72.7272727273
3.336	72.7272727273
3.3365	72.7272727273
3.337	72.7272727273
3.3375	72.7272727273
3.338	72.7272727273
3.3385	72.7272727273
3.339	72.7272727273
3.3395	72.7272727273
3.34	72.7272727273
3.3405	72.7272727273
3.341	72.7272727273
3.3415	72.7272727273
3.342	72.7272727273
3.3425	72.7272727273
3.343	72.7272727273
3.3435	72.7272727273
3.344	72.7272727273
3.3445	72.7272727273
3.345	72.7272727273
3.3455	72.7272727273
3.346	72.7272727273
3.3465	72.7272727273
3.347	72.7272727273
3.3475	72.7272727273
3.348	72.7272727273
3.3485	72.7272727273
3.349	72.7272727273
3.3495	72.7272727273
3.35	72.7272727273
3.3505	72.7272727273
3.351	72.7272727273
3.3515	72.7272727273
3.352	72.7272727273
3.3525	72.7272727273
3.353	72.7272727273
3.3535	72.7272727273
3.354	72.7272727273
3.3545	72.7272727273
3.355	72.7272727273
3.3555	72.7272727273
3.356	72.7272727273
3.3565	72.7272727273
3.357	72.7272727273
3.3575	72.7272727273
3.358	72.7272727273
3.3585	72.7272727273
3.359	72.7272727273
3.3595	72.7272727273
3.36	72.7272727273
3.3605	72.7272727273
3.361	72.7272727273
3.3615	72.7272727273
3.362	72.7272727273
3.3625	72.7272727273
3.363	72.7272727273
3.3635	72.7272727273
3.364	72.7272727273
3.3645	72.7272727273
3.365	72.7272727273
3.3655	72.7272727273
3.366	72.7272727273
3.3665	72.7272727273
3.367	72.7272727273
3.3675	72.7272727273
3.368	72.7272727273
3.3685	72.7272727273
3.369	72.7272727273
3.3695	72.7272727273
3.37	72.7272727273
3.3705	72.7272727273
3.371	72.7272727273
3.3715	72.7272727273
3.372	72.7272727273
3.3725	72.7272727273
3.373	72.7272727273
3.3735	72.7272727273
3.374	72.7272727273
3.3745	72.7272727273
3.375	72.7272727273
3.3755	72.7272727273
3.376	72.7272727273
3.3765	72.7272727273
3.377	72.7272727273
3.3775	72.7272727273
3.378	72.7272727273
3.3785	72.7272727273
3.379	72.7272727273
3.3795	72.7272727273
3.38	72.7272727273
3.3805	72.7272727273
3.381	72.7272727273
3.3815	72.7272727273
3.382	72.7272727273
3.3825	72.7272727273
3.383	72.7272727273
3.3835	72.7272727273
3.384	72.7272727273
3.3845	72.7272727273
3.385	72.7272727273
3.3855	72.7272727273
3.386	72.7272727273
3.3865	72.7272727273
3.387	72.7272727273
3.3875	68.4210526316
3.388	68.4210526316
3.3885	68.4210526316
3.389	68.4210526316
3.3895	68.4210526316
3.39	68.4210526316
3.3905	68.4210526316
3.391	68.4210526316
3.3915	68.4210526316
3.392	68.4210526316
3.3925	68.4210526316
3.393	68.4210526316
3.3935	68.4210526316
3.394	68.4210526316
3.3945	68.4210526316
3.395	68.4210526316
3.3955	68.4210526316
3.396	68.4210526316
3.3965	68.4210526316
3.397	68.4210526316
3.3975	68.4210526316
3.398	68.4210526316
3.3985	68.4210526316
3.399	68.4210526316
3.3995	68.4210526316
3.4	68.4210526316
3.4005	68.4210526316
3.401	68.4210526316
3.4015	68.4210526316
3.402	68.4210526316
3.4025	68.4210526316
3.403	68.4210526316
3.4035	68.4210526316
3.404	68.4210526316
3.4045	68.4210526316
3.405	68.4210526316
3.4055	68.4210526316
3.406	68.4210526316
3.4065	68.4210526316
3.407	68.4210526316
3.4075	68.4210526316
3.408	68.4210526316
3.4085	68.4210526316
3.409	68.4210526316
3.4095	68.4210526316
3.41	68.4210526316
3.4105	68.4210526316
3.411	68.4210526316
3.4115	68.4210526316
3.412	68.4210526316
3.4125	68.4210526316
3.413	68.4210526316
3.4135	68.4210526316
3.414	68.4210526316
3.4145	68.4210526316
3.415	68.4210526316
3.4155	68.4210526316
3.416	68.4210526316
3.4165	68.4210526316
3.417	68.4210526316
3.4175	68.4210526316
3.418	68.4210526316
3.4185	68.4210526316
3.419	68.4210526316
3.4195	68.4210526316
3.42	68.4210526316
3.4205	68.4210526316
3.421	68.4210526316
3.4215	68.4210526316
3.422	68.4210526316
3.4225	68.4210526316
3.423	68.4210526316
3.4235	68.4210526316
3.424	68.4210526316
3.4245	68.4210526316
3.425	68.4210526316
3.4255	68.4210526316
3.426	68.4210526316
3.4265	68.4210526316
3.427	68.4210526316
3.4275	68.4210526316
3.428	68.4210526316
3.4285	68.4210526316
3.429	68.4210526316
3.4295	68.4210526316
3.43	68.4210526316
3.4305	68.4210526316
3.431	68.4210526316
3.4315	68.4210526316
3.432	68.4210526316
3.4325	68.4210526316
3.433	68.4210526316
3.4335	68.4210526316
3.434	68.4210526316
3.4345	68.4210526316
3.435	68.4210526316
3.4355	68.4210526316
3.436	68.4210526316
3.4365	68.4210526316
3.437	68.4210526316
3.4375	68.4210526316
3.438	68.4210526316
3.4385	68.4210526316
3.439	68.4210526316
3.4395	68.4210526316
3.44	68.4210526316
3.4405	68.4210526316
3.441	68.4210526316
3.4415	68.4210526316
3.442	68.4210526316
3.4425	68.4210526316
3.443	68.4210526316
3.4435	68.4210526316
3.444	68.4210526316
3.4445	68.4210526316
3.445	68.4210526316
3.4455	68.4210526316
3.446	68.4210526316
3.4465	68.4210526316
3.447	68.4210526316
3.4475	68.4210526316
3.448	68.4210526316
3.4485	68.4210526316
3.449	68.4210526316
3.4495	68.4210526316
3.45	68.4210526316
3.4505	68.4210526316
3.451	68.4210526316
3.4515	68.4210526316
3.452	68.4210526316
3.4525	68.4210526316
3.453	68.4210526316
3.4535	68.4210526316
3.454	68.4210526316
3.4545	68.4210526316
3.455	68.4210526316
3.4555	68.4210526316
3.456	68.4210526316
3.4565	68.4210526316
3.457	68.4210526316
3.4575	68.4210526316
3.458	68.4210526316
3.4585	68.4210526316
3.459	68.4210526316
3.4595	68.4210526316
3.46	68.4210526316
3.4605	68.4210526316
3.461	68.4210526316
3.4615	68.4210526316
3.462	68.4210526316
3.4625	68.4210526316
3.463	68.4210526316
3.4635	68.4210526316
3.464	68.4210526316
3.4645	68.4210526316
3.465	68.4210526316
3.4655	68.4210526316
3.466	68.4210526316
3.4665	68.4210526316
3.467	68.4210526316
3.4675	68.4210526316
3.468	68.4210526316
3.4685	68.4210526316
3.469	68.4210526316
3.4695	68.4210526316
3.47	68.4210526316
3.4705	68.4210526316
3.471	68.4210526316
3.4715	68.4210526316
3.472	68.4210526316
3.4725	68.4210526316
3.473	68.4210526316
3.4735	68.4210526316
3.474	68.4210526316
3.4745	68.4210526316
3.475	68.4210526316
3.4755	68.4210526316
3.476	68.4210526316
3.4765	68.4210526316
3.477	68.4210526316
3.4775	68.4210526316
3.478	68.4210526316
3.4785	68.4210526316
3.479	68.4210526316
3.4795	68.4210526316
3.48	68.4210526316
3.4805	68.4210526316
3.481	68.4210526316
3.4815	68.4210526316
3.482	68.4210526316
3.4825	68.4210526316
3.483	68.4210526316
3.4835	68.4210526316
3.484	68.4210526316
3.4845	68.4210526316
3.485	68.4210526316
3.4855	68.4210526316
3.486	68.4210526316
3.4865	68.4210526316
3.487	68.4210526316
3.4875	68.4210526316
3.488	68.4210526316
3.4885	68.4210526316
3.489	68.4210526316
3.4895	68.4210526316
3.49	68.4210526316
3.4905	68.4210526316
3.491	68.4210526316
3.4915	68.4210526316
3.492	68.4210526316
3.4925	68.4210526316
3.493	68.4210526316
3.4935	68.4210526316
3.494	68.4210526316
3.4945	68.4210526316
3.495	68.4210526316
3.4955	68.4210526316
3.496	68.4210526316
3.4965	68.4210526316
3.497	68.4210526316
3.4975	68.4210526316
3.498	68.4210526316
3.4985	68.4210526316
3.499	68.4210526316
3.4995	68.4210526316
3.5	68.4210526316
3.5005	68.4210526316
3.501	68.4210526316
3.5015	68.4210526316
3.502	68.4210526316
3.5025	68.4210526316
3.503	68.4210526316
3.5035	68.4210526316
3.504	68.4210526316
3.5045	68.4210526316
3.505	68.4210526316
3.5055	68.4210526316
3.506	68.4210526316
3.5065	68.4210526316
3.507	68.4210526316
3.5075	68.4210526316
3.508	68.4210526316
3.5085	68.4210526316
3.509	68.4210526316
3.5095	68.4210526316
3.51	68.4210526316
3.5105	68.4210526316
3.511	68.4210526316
3.5115	68.4210526316
3.512	68.4210526316
3.5125	68.4210526316
3.513	68.4210526316
3.5135	68.4210526316
3.514	68.4210526316
3.5145	68.4210526316
3.515	68.4210526316
3.5155	68.4210526316
3.516	68.4210526316
3.5165	68.4210526316
3.517	68.4210526316
3.5175	68.4210526316
3.518	68.4210526316
3.5185	68.4210526316
3.519	68.4210526316
3.5195	68.4210526316
3.52	68.4210526316
3.5205	68.4210526316
3.521	68.4210526316
3.5215	68.4210526316
3.522	68.4210526316
3.5225	68.4210526316
3.523	68.4210526316
3.5235	68.4210526316
3.524	68.4210526316
3.5245	68.4210526316
3.525	68.4210526316
3.5255	68.4210526316
3.526	68.4210526316
3.5265	68.4210526316
3.527	68.4210526316
3.5275	68.4210526316
3.528	68.4210526316
3.5285	68.4210526316
3.529	68.4210526316
3.5295	68.4210526316
3.53	68.4210526316
3.5305	68.4210526316
3.531	68.4210526316
3.5315	68.4210526316
3.532	68.4210526316
3.5325	68.4210526316
3.533	68.4210526316
3.5335	68.4210526316
3.534	68.4210526316
3.5345	68.4210526316
3.535	68.4210526316
3.5355	68.4210526316
3.536	68.4210526316
3.5365	68.4210526316
3.537	68.4210526316
3.5375	68.4210526316
3.538	68.4210526316
3.5385	68.4210526316
3.539	68.4210526316
3.5395	68.4210526316
3.54	68.4210526316
3.5405	68.4210526316
3.541	68.4210526316
3.5415	68.4210526316
3.542	68.4210526316
3.5425	68.4210526316
3.543	68.4210526316
3.5435	68.4210526316
3.544	68.4210526316
3.5445	68.4210526316
3.545	68.4210526316
3.5455	68.4210526316
3.546	68.4210526316
3.5465	68.4210526316
3.547	68.4210526316
3.5475	68.4210526316
3.548	68.4210526316
3.5485	68.4210526316
3.549	68.4210526316
3.5495	68.4210526316
3.55	68.4210526316
3.5505	68.4210526316
3.551	68.4210526316
3.5515	68.4210526316
3.552	70.1754385965
3.5525	70.1754385965
3.553	70.1754385965
3.5535	70.1754385965
3.554	70.1754385965
3.5545	70.1754385965
3.555	70.1754385965
3.5555	70.1754385965
3.556	70.1754385965
3.5565	70.1754385965
3.557	70.1754385965
3.5575	70.1754385965
3.558	70.1754385965
3.5585	70.1754385965
3.559	70.1754385965
3.5595	70.1754385965
3.56	70.1754385965
3.5605	70.1754385965
3.561	70.1754385965
3.5615	70.1754385965
3.562	70.1754385965
3.5625	70.1754385965
3.563	70.1754385965
3.5635	70.1754385965
3.564	70.1754385965
3.5645	70.1754385965
3.565	70.1754385965
3.5655	70.1754385965
3.566	70.1754385965
3.5665	70.1754385965
3.567	70.1754385965
3.5675	70.1754385965
3.568	70.1754385965
3.5685	70.1754385965
3.569	70.1754385965
3.5695	70.1754385965
3.57	70.1754385965
3.5705	70.1754385965
3.571	70.1754385965
3.5715	70.1754385965
3.572	70.1754385965
3.5725	70.1754385965
3.573	70.1754385965
3.5735	70.1754385965
3.574	70.1754385965
3.5745	70.1754385965
3.575	70.1754385965
3.5755	70.1754385965
3.576	70.1754385965
3.5765	70.1754385965
3.577	70.1754385965
3.5775	70.1754385965
3.578	70.1754385965
3.5785	70.1754385965
3.579	70.1754385965
3.5795	70.1754385965
3.58	70.1754385965
3.5805	70.1754385965
3.581	70.1754385965
3.5815	70.1754385965
3.582	70.1754385965
3.5825	70.1754385965
3.583	70.1754385965
3.5835	70.1754385965
3.584	70.1754385965
3.5845	70.1754385965
3.585	70.1754385965
3.5855	70.1754385965
3.586	70.1754385965
3.5865	70.1754385965
3.587	70.1754385965
3.5875	70.1754385965
3.588	70.1754385965
3.5885	70.1754385965
3.589	70.1754385965
3.5895	70.1754385965
3.59	70.1754385965
3.5905	70.1754385965
3.591	70.1754385965
3.5915	70.1754385965
3.592	70.1754385965
3.5925	70.1754385965
3.593	70.1754385965
3.5935	70.1754385965
3.594	70.1754385965
3.5945	70.1754385965
3.595	70.1754385965
3.5955	70.1754385965
3.596	70.1754385965
3.5965	70.1754385965
3.597	70.1754385965
3.5975	70.1754385965
3.598	70.1754385965
3.5985	70.1754385965
3.599	70.1754385965
3.5995	70.1754385965
3.6	70.1754385965
3.6005	70.1754385965
3.601	70.1754385965
3.6015	70.1754385965
3.602	70.1754385965
3.6025	70.1754385965
3.603	70.1754385965
3.6035	70.1754385965
3.604	70.1754385965
3.6045	70.1754385965
3.605	70.1754385965
3.6055	70.1754385965
3.606	70.1754385965
3.6065	70.1754385965
3.607	70.1754385965
3.6075	70.1754385965
3.608	70.1754385965
3.6085	70.1754385965
3.609	70.1754385965
3.6095	70.1754385965
3.61	70.1754385965
3.6105	70.1754385965
3.611	70.1754385965
3.6115	70.1754385965
3.612	70.1754385965
3.6125	70.1754385965
3.613	70.1754385965
3.6135	70.1754385965
3.614	70.1754385965
3.6145	70.1754385965
3.615	70.1754385965
3.6155	70.1754385965
3.616	70.1754385965
3.6165	70.1754385965
3.617	70.1754385965
3.6175	70.1754385965
3.618	70.1754385965
3.6185	70.1754385965
3.619	70.1754385965
3.6195	70.1754385965
3.62	70.1754385965
3.6205	70.1754385965
3.621	70.1754385965
3.6215	70.1754385965
3.622	70.1754385965
3.6225	70.1754385965
3.623	70.1754385965
3.6235	70.1754385965
3.624	70.1754385965
3.6245	70.1754385965
3.625	70.1754385965
3.6255	70.1754385965
3.626	70.1754385965
3.6265	70.1754385965
3.627	70.1754385965
3.6275	70.1754385965
3.628	70.1754385965
3.6285	70.1754385965
3.629	70.1754385965
3.6295	70.1754385965
3.63	70.1754385965
3.6305	70.1754385965
3.631	70.1754385965
3.6315	70.1754385965
3.632	70.1754385965
3.6325	70.1754385965
3.633	70.1754385965
3.6335	70.1754385965
3.634	70.1754385965
3.6345	70.1754385965
3.635	70.1754385965
3.6355	70.1754385965
3.636	70.1754385965
3.6365	70.1754385965
3.637	70.1754385965
3.6375	70.1754385965
3.638	70.1754385965
3.6385	70.1754385965
3.639	70.1754385965
3.6395	70.1754385965
3.64	70.1754385965
3.6405	70.1754385965
3.641	70.1754385965
3.6415	70.1754385965
3.642	70.1754385965
3.6425	70.1754385965
3.643	70.1754385965
3.6435	70.1754385965
3.644	70.1754385965
3.6445	70.1754385965
3.645	70.1754385965
3.6455	70.1754385965
3.646	70.1754385965
3.6465	70.1754385965
3.647	70.1754385965
3.6475	70.1754385965
3.648	70.1754385965
3.6485	70.1754385965
3.649	70.1754385965
3.6495	70.1754385965
3.65	70.1754385965
3.6505	70.1754385965
3.651	70.1754385965
3.6515	70.1754385965
3.652	70.1754385965
3.6525	70.1754385965
3.653	70.1754385965
3.6535	70.1754385965
3.654	70.1754385965
3.6545	70.1754385965
3.655	70.1754385965
3.6555	46.2686567164
3.656	46.2686567164
3.6565	46.2686567164
3.657	46.2686567164
3.6575	46.2686567164
3.658	46.2686567164
3.6585	46.2686567164
3.659	46.2686567164
3.6595	46.2686567164
3.66	46.2686567164
3.6605	46.2686567164
3.661	46.2686567164
3.6615	46.2686567164
3.662	46.2686567164
3.6625	46.2686567164
3.663	46.2686567164
3.6635	46.2686567164
3.664	46.2686567164
3.6645	46.2686567164
3.665	46.2686567164
3.6655	46.2686567164
3.666	46.2686567164
3.6665	46.2686567164
3.667	46.2686567164
3.6675	46.2686567164
3.668	46.2686567164
3.6685	46.2686567164
3.669	46.2686567164
3.6695	46.2686567164
3.67	46.2686567164
3.6705	46.2686567164
3.671	46.2686567164
3.6715	46.2686567164
3.672	46.2686567164
3.6725	46.2686567164
3.673	46.2686567164
3.6735	46.2686567164
3.674	46.2686567164
3.6745	46.2686567164
3.675	46.2686567164
3.6755	46.2686567164
3.676	46.2686567164
3.6765	46.2686567164
3.677	46.2686567164
3.6775	46.2686567164
3.678	46.2686567164
3.6785	46.2686567164
3.679	46.2686567164
3.6795	46.2686567164
3.68	46.2686567164
3.6805	46.2686567164
3.681	46.2686567164
3.6815	46.2686567164
3.682	46.2686567164
3.6825	46.2686567164
3.683	46.2686567164
3.6835	46.2686567164
3.684	46.2686567164
3.6845	46.2686567164
3.685	46.2686567164
3.6855	46.2686567164
3.686	46.2686567164
3.6865	46.2686567164
3.687	46.2686567164
3.6875	46.2686567164
3.688	46.2686567164
3.6885	46.2686567164
3.689	46.2686567164
3.6895	46.2686567164
3.69	46.2686567164
3.6905	46.2686567164
3.691	46.2686567164
3.6915	46.2686567164
3.692	46.2686567164
3.6925	46.2686567164
3.693	46.2686567164
3.6935	46.2686567164
3.694	46.2686567164
3.6945	46.2686567164
3.695	46.2686567164
3.6955	46.2686567164
3.696	46.2686567164
3.6965	46.2686567164
3.697	46.2686567164
3.6975	46.2686567164
3.698	46.2686567164
3.6985	46.2686567164
3.699	46.2686567164
3.6995	46.2686567164
3.7	46.2686567164
3.7005	46.2686567164
3.701	46.2686567164
3.7015	46.2686567164
3.702	46.2686567164
3.7025	46.2686567164
3.703	46.2686567164
3.7035	46.2686567164
3.704	46.2686567164
3.7045	46.2686567164
3.705	46.2686567164
3.7055	46.2686567164
3.706	46.2686567164
3.7065	46.2686567164
3.707	46.2686567164
3.7075	46.2686567164
3.708	46.2686567164
3.7085	46.2686567164
3.709	46.2686567164
3.7095	46.2686567164
3.71	46.2686567164
3.7105	46.2686567164
3.711	46.2686567164
3.7115	46.2686567164
3.712	46.2686567164
3.7125	46.2686567164
3.713	46.2686567164
3.7135	46.2686567164
3.714	46.2686567164
3.7145	46.2686567164
3.715	46.2686567164
3.7155	46.2686567164
3.716	46.2686567164
3.7165	46.2686567164
3.717	46.2686567164
3.7175	46.2686567164
3.718	46.2686567164
3.7185	46.2686567164
3.719	46.2686567164
3.7195	46.2686567164
3.72	46.2686567164
3.7205	46.2686567164
3.721	46.2686567164
3.7215	46.2686567164
3.722	46.2686567164
3.7225	46.2686567164
3.723	46.2686567164
3.7235	46.2686567164
3.724	46.2686567164
3.7245	46.2686567164
3.725	46.2686567164
3.7255	46.2686567164
3.726	46.2686567164
3.7265	46.2686567164
3.727	46.2686567164
3.7275	46.2686567164
3.728	46.2686567164
3.7285	46.2686567164
3.729	46.2686567164
3.7295	46.2686567164
3.73	46.2686567164
3.7305	46.2686567164
3.731	46.2686567164
3.7315	46.2686567164
3.732	46.2686567164
3.7325	46.2686567164
3.733	46.2686567164
3.7335	46.2686567164
3.734	46.2686567164
3.7345	46.2686567164
3.735	46.2686567164
3.7355	46.2686567164
3.736	46.2686567164
3.7365	46.2686567164
3.737	46.2686567164
3.7375	46.2686567164
3.738	46.2686567164
3.7385	46.2686567164
3.739	46.2686567164
3.7395	46.2686567164
3.74	46.2686567164
3.7405	46.2686567164
3.741	46.2686567164
3.7415	46.2686567164
3.742	46.2686567164
3.7425	46.2686567164
3.743	46.2686567164
3.7435	46.2686567164
3.744	46.2686567164
3.7445	46.2686567164
3.745	46.2686567164
3.7455	46.2686567164
3.746	46.2686567164
3.7465	46.2686567164
3.747	46.2686567164
3.7475	46.2686567164
3.748	46.2686567164
3.7485	46.2686567164
3.749	46.2686567164
3.7495	46.2686567164
3.75	46.2686567164
3.7505	46.2686567164
3.751	46.2686567164
3.7515	46.2686567164
3.752	46.2686567164
3.7525	46.2686567164
3.753	46.2686567164
3.7535	46.2686567164
3.754	46.2686567164
3.7545	46.2686567164
3.755	46.2686567164
3.7555	46.2686567164
3.756	46.2686567164
3.7565	46.2686567164
3.757	46.2686567164
3.7575	46.2686567164
3.758	46.2686567164
3.7585	46.2686567164
3.759	46.2686567164
3.7595	46.2686567164
3.76	46.2686567164
3.7605	46.2686567164
3.761	46.2686567164
3.7615	46.2686567164
3.762	46.2686567164
3.7625	46.2686567164
3.763	46.2686567164
3.7635	46.2686567164
3.764	46.2686567164
3.7645	46.2686567164
3.765	46.2686567164
3.7655	46.2686567164
3.766	46.2686567164
3.7665	46.2686567164
3.767	46.2686567164
3.7675	46.2686567164
3.768	46.2686567164
3.7685	46.2686567164
3.769	46.2686567164
3.7695	46.2686567164
3.77	46.2686567164
3.7705	46.2686567164
3.771	46.2686567164
3.7715	46.2686567164
3.772	46.2686567164
3.7725	46.2686567164
3.773	46.2686567164
3.7735	46.2686567164
3.774	46.2686567164
3.7745	46.2686567164
3.775	46.2686567164
3.7755	46.2686567164
3.776	46.2686567164
3.7765	46.2686567164
3.777	46.2686567164
3.7775	46.2686567164
3.778	46.2686567164
3.7785	46.2686567164
3.779	46.2686567164
3.7795	46.2686567164
3.78	46.2686567164
3.7805	46.2686567164
3.781	46.2686567164
3.7815	46.2686567164
3.782	46.2686567164
3.7825	46.2686567164
3.783	46.2686567164
3.7835	46.2686567164
3.784	46.2686567164
3.7845	46.2686567164
3.785	46.2686567164
3.7855	46.2686567164
3.786	46.2686567164
3.7865	46.2686567164
3.787	46.2686567164
3.7875	46.2686567164
3.788	46.2686567164
3.7885	46.2686567164
3.789	46.2686567164
3.7895	46.2686567164
3.79	46.2686567164
3.7905	46.2686567164
3.791	46.2686567164
3.7915	46.2686567164
3.792	46.2686567164
3.7925	46.2686567164
3.793	46.2686567164
3.7935	46.2686567164
3.794	46.2686567164
3.7945	46.2686567164
3.795	46.2686567164
3.7955	46.2686567164
3.796	46.2686567164
3.7965	46.2686567164
3.797	46.2686567164
3.7975	46.2686567164
3.798	46.2686567164
3.7985	46.2686567164
3.799	46.2686567164
3.7995	46.2686567164
3.8	46.2686567164
3.8005	46.2686567164
3.801	46.2686567164
3.8015	46.2686567164
3.802	46.2686567164
3.8025	46.2686567164
3.803	46.2686567164
3.8035	46.2686567164
3.804	46.2686567164
3.8045	46.2686567164
3.805	46.2686567164
3.8055	46.2686567164
3.806	46.2686567164
3.8065	46.2686567164
3.807	46.2686567164
3.8075	46.2686567164
3.808	46.2686567164
3.8085	46.2686567164
3.809	46.2686567164
3.8095	46.2686567164
3.81	46.2686567164
3.8105	46.2686567164
3.811	46.2686567164
3.8115	46.2686567164
3.812	46.2686567164
3.8125	46.2686567164
3.813	46.2686567164
3.8135	46.2686567164
3.814	46.2686567164
3.8145	46.2686567164
3.815	46.2686567164
3.8155	46.2686567164
3.816	46.2686567164
3.8165	46.2686567164
3.817	46.2686567164
3.8175	46.2686567164
3.818	46.2686567164
3.8185	46.2686567164
3.819	46.2686567164
3.8195	46.2686567164
3.82	46.2686567164
3.8205	46.2686567164
3.821	46.2686567164
3.8215	46.2686567164
3.822	46.2686567164
3.8225	46.2686567164
3.823	46.2686567164
3.8235	46.2686567164
3.824	46.2686567164
3.8245	46.2686567164
3.825	46.2686567164
3.8255	46.2686567164
3.826	46.2686567164
3.8265	46.2686567164
3.827	46.2686567164
3.8275	46.2686567164
3.828	46.2686567164
3.8285	46.2686567164
3.829	46.2686567164
3.8295	46.2686567164
3.83	46.2686567164
3.8305	46.2686567164
3.831	46.2686567164
3.8315	46.2686567164
3.832	46.2686567164
3.8325	46.2686567164
3.833	46.2686567164
3.8335	46.2686567164
3.834	46.2686567164
3.8345	46.2686567164
3.835	46.2686567164
3.8355	46.2686567164
3.836	46.2686567164
3.8365	46.2686567164
3.837	46.2686567164
3.8375	46.2686567164
3.838	46.2686567164
3.8385	46.2686567164
3.839	46.2686567164
3.8395	46.2686567164
3.84	46.2686567164
3.8405	46.2686567164
3.841	46.2686567164
3.8415	46.2686567164
3.842	46.2686567164
3.8425	46.2686567164
3.843	46.2686567164
3.8435	46.2686567164
3.844	46.2686567164
3.8445	46.2686567164
3.845	46.2686567164
3.8455	46.2686567164
3.846	46.2686567164
3.8465	46.2686567164
3.847	46.2686567164
3.8475	46.2686567164
3.848	46.2686567164
3.8485	46.2686567164
3.849	46.2686567164
3.8495	46.2686567164
3.85	46.2686567164
3.8505	46.2686567164
3.851	46.2686567164
3.8515	46.2686567164
3.852	46.2686567164
3.8525	46.2686567164
3.853	46.2686567164
3.8535	46.2686567164
3.854	46.2686567164
3.8545	46.2686567164
3.855	46.2686567164
3.8555	46.2686567164
3.856	46.2686567164
3.8565	46.2686567164
3.857	46.2686567164
3.8575	46.2686567164
3.858	46.2686567164
3.8585	46.2686567164
3.859	46.2686567164
3.8595	46.2686567164
3.86	46.2686567164
3.8605	46.2686567164
3.861	46.2686567164
3.8615	46.2686567164
3.862	46.2686567164
3.8625	46.2686567164
3.863	46.2686567164
3.8635	46.2686567164
3.864	46.2686567164
3.8645	46.2686567164
3.865	46.2686567164
3.8655	46.2686567164
3.866	46.2686567164
3.8665	46.2686567164
3.867	46.2686567164
3.8675	46.2686567164
3.868	46.2686567164
3.8685	46.2686567164
3.869	46.2686567164
3.8695	46.2686567164
3.87	46.2686567164
3.8705	46.2686567164
3.871	46.2686567164
3.8715	46.2686567164
3.872	46.2686567164
3.8725	46.2686567164
3.873	46.2686567164
3.8735	46.2686567164
3.874	46.2686567164
3.8745	46.2686567164
3.875	46.2686567164
3.8755	46.2686567164
3.876	46.2686567164
3.8765	46.2686567164
3.877	46.2686567164
3.8775	46.2686567164
3.878	46.2686567164
3.8785	46.2686567164
3.879	46.2686567164
3.8795	46.2686567164
3.88	46.2686567164
3.8805	46.2686567164
3.881	46.2686567164
3.8815	46.2686567164
3.882	46.2686567164
3.8825	46.2686567164
3.883	46.2686567164
3.8835	46.2686567164
3.884	46.2686567164
3.8845	46.2686567164
3.885	46.2686567164
3.8855	46.2686567164
3.886	46.2686567164
3.8865	46.2686567164
3.887	46.2686567164
3.8875	46.2686567164
3.888	46.2686567164
3.8885	46.2686567164
3.889	46.2686567164
3.8895	46.2686567164
3.89	46.2686567164
3.8905	46.2686567164
3.891	46.2686567164
3.8915	46.2686567164
3.892	46.2686567164
3.8925	46.2686567164
3.893	46.2686567164
3.8935	46.2686567164
3.894	46.2686567164
3.8945	46.2686567164
3.895	46.2686567164
3.8955	46.2686567164
3.896	46.2686567164
3.8965	46.2686567164
3.897	46.2686567164
3.8975	46.2686567164
3.898	46.2686567164
3.8985	46.2686567164
3.899	46.2686567164
3.8995	46.2686567164
3.9	46.2686567164
3.9005	46.2686567164
3.901	46.2686567164
3.9015	46.2686567164
3.902	46.2686567164
3.9025	46.2686567164
3.903	46.2686567164
3.9035	46.2686567164
3.904	46.2686567164
3.9045	46.2686567164
3.905	46.2686567164
3.9055	46.2686567164
3.906	46.2686567164
3.9065	46.2686567164
3.907	46.2686567164
3.9075	46.2686567164
3.908	46.2686567164
3.9085	46.2686567164
3.909	46.2686567164
3.9095	46.2686567164
3.91	46.2686567164
3.9105	46.2686567164
3.911	46.2686567164
3.9115	46.2686567164
3.912	46.2686567164
3.9125	46.2686567164
3.913	46.2686567164
3.9135	46.2686567164
3.914	46.2686567164
3.9145	46.2686567164
3.915	46.2686567164
3.9155	46.2686567164
3.916	46.2686567164
3.9165	46.2686567164
3.917	46.2686567164
3.9175	46.2686567164
3.918	46.2686567164
3.9185	46.2686567164
3.919	46.2686567164
3.9195	46.2686567164
3.92	46.2686567164
3.9205	46.2686567164
3.921	46.2686567164
3.9215	46.2686567164
3.922	46.2686567164
3.9225	46.2686567164
3.923	46.2686567164
3.9235	46.2686567164
3.924	46.2686567164
3.9245	46.2686567164
3.925	46.2686567164
3.9255	46.2686567164
3.926	46.2686567164
3.9265	46.2686567164
3.927	46.2686567164
3.9275	46.2686567164
3.928	46.2686567164
3.9285	46.2686567164
3.929	46.2686567164
3.9295	46.2686567164
3.93	46.2686567164
3.9305	46.2686567164
3.931	46.2686567164
3.9315	46.2686567164
3.932	46.2686567164
3.9325	46.2686567164
3.933	46.2686567164
3.9335	46.2686567164
3.934	46.2686567164
3.9345	46.2686567164
3.935	46.2686567164
3.9355	46.2686567164
3.936	46.2686567164
3.9365	46.2686567164
3.937	46.2686567164
3.9375	46.2686567164
3.938	46.2686567164
3.9385	46.2686567164
3.939	46.2686567164
3.9395	46.2686567164
3.94	46.2686567164
3.9405	46.2686567164
3.941	46.2686567164
3.9415	46.2686567164
3.942	46.2686567164
3.9425	46.2686567164
3.943	46.2686567164
3.9435	46.2686567164
3.944	46.2686567164
3.9445	46.2686567164
3.945	46.2686567164
3.9455	46.2686567164
3.946	46.2686567164
3.9465	46.2686567164
3.947	46.2686567164
3.9475	46.2686567164
3.948	46.2686567164
3.9485	46.2686567164
3.949	46.2686567164
3.9495	46.2686567164
3.95	46.2686567164
3.9505	46.2686567164
3.951	46.2686567164
3.9515	46.2686567164
3.952	46.2686567164
3.9525	46.2686567164
3.953	46.2686567164
3.9535	46.2686567164
3.954	46.2686567164
3.9545	46.2686567164
3.955	46.2686567164
3.9555	46.2686567164
3.956	46.2686567164
3.9565	46.2686567164
3.957	46.2686567164
3.9575	46.2686567164
3.958	46.2686567164
3.9585	46.2686567164
3.959	46.2686567164
3.9595	46.2686567164
3.96	46.2686567164
3.9605	46.2686567164
3.961	46.2686567164
3.9615	46.2686567164
3.962	46.2686567164
3.9625	46.2686567164
3.963	46.2686567164
3.9635	46.2686567164
3.964	46.2686567164
3.9645	46.2686567164
3.965	46.2686567164
3.9655	46.2686567164
3.966	46.2686567164
3.9665	46.2686567164
3.967	46.2686567164
3.9675	46.2686567164
3.968	46.2686567164
3.9685	46.2686567164
3.969	46.2686567164
3.9695	46.2686567164
3.97	46.2686567164
3.9705	46.2686567164
3.971	46.2686567164
3.9715	46.2686567164
3.972	46.2686567164
3.9725	46.2686567164
3.973	46.2686567164
3.9735	46.2686567164
3.974	46.2686567164
3.9745	46.2686567164
3.975	46.2686567164
3.9755	46.2686567164
3.976	46.2686567164
3.9765	46.2686567164
3.977	46.2686567164
3.9775	46.2686567164
3.978	46.2686567164
3.9785	46.2686567164
3.979	46.2686567164
3.9795	46.2686567164
3.98	46.2686567164
3.9805	46.2686567164
3.981	46.2686567164
3.9815	46.2686567164
3.982	46.2686567164
3.9825	46.2686567164
3.983	46.2686567164
3.9835	46.2686567164
3.984	46.2686567164
3.9845	46.2686567164
3.985	46.2686567164
3.9855	46.2686567164
3.986	46.2686567164
3.9865	46.2686567164
3.987	46.2686567164
3.9875	46.2686567164
3.988	46.2686567164
3.9885	46.2686567164
3.989	46.2686567164
3.9895	46.2686567164
3.99	46.2686567164
3.9905	46.2686567164
3.991	46.2686567164
3.9915	46.2686567164
3.992	46.2686567164
3.9925	46.2686567164
3.993	46.2686567164
3.9935	46.2686567164
3.994	46.2686567164
3.9945	46.2686567164
3.995	46.2686567164
3.9955	46.2686567164
3.996	46.2686567164
3.9965	46.2686567164
3.997	46.2686567164
3.9975	46.2686567164
3.998	46.2686567164
3.9985	46.2686567164
3.999	46.2686567164
3.9995	46.2686567164
4.0	46.2686567164
4.0005	46.2686567164
4.001	46.2686567164
4.0015	46.2686567164
4.002	46.2686567164
4.0025	46.2686567164
4.003	46.2686567164
4.0035	46.2686567164
4.004	46.2686567164
4.0045	46.2686567164
4.005	46.2686567164
4.0055	46.2686567164
4.006	46.2686567164
4.0065	46.2686567164
4.007	46.2686567164
4.0075	46.2686567164
4.008	46.2686567164
4.0085	46.2686567164
4.009	46.2686567164
4.0095	46.2686567164
4.01	46.2686567164
4.0105	46.2686567164
4.011	46.2686567164
4.0115	46.2686567164
4.012	46.2686567164
4.0125	46.2686567164
4.013	46.2686567164
4.0135	46.2686567164
4.014	46.2686567164
4.0145	46.2686567164
4.015	46.2686567164
4.0155	46.2686567164
4.016	46.2686567164
4.0165	46.2686567164
4.017	46.2686567164
4.0175	46.2686567164
4.018	46.2686567164
4.0185	46.2686567164
4.019	46.2686567164
4.0195	46.2686567164
4.02	46.2686567164
4.0205	46.2686567164
4.021	46.2686567164
4.0215	46.2686567164
4.022	46.2686567164
4.0225	46.2686567164
4.023	46.2686567164
4.0235	46.2686567164
4.024	46.2686567164
4.0245	46.2686567164
4.025	46.2686567164
4.0255	46.2686567164
4.026	46.2686567164
4.0265	46.2686567164
4.027	46.2686567164
4.0275	46.2686567164
4.028	46.2686567164
4.0285	46.2686567164
4.029	46.2686567164
4.0295	46.2686567164
4.03	46.2686567164
4.0305	46.2686567164
4.031	46.2686567164
4.0315	46.2686567164
4.032	46.2686567164
4.0325	46.2686567164
4.033	46.2686567164
4.0335	46.2686567164
4.034	46.2686567164
4.0345	46.2686567164
4.035	46.2686567164
4.0355	46.2686567164
4.036	46.2686567164
4.0365	46.2686567164
4.037	46.2686567164
4.0375	46.2686567164
4.038	46.2686567164
4.0385	46.2686567164
4.039	46.2686567164
4.0395	46.2686567164
4.04	46.2686567164
4.0405	46.2686567164
4.041	46.2686567164
4.0415	46.2686567164
4.042	46.2686567164
4.0425	46.2686567164
4.043	46.2686567164
4.0435	46.2686567164
4.044	46.2686567164
4.0445	46.2686567164
4.045	46.2686567164
4.0455	46.2686567164
4.046	46.2686567164
4.0465	46.2686567164
4.047	46.2686567164
4.0475	46.2686567164
4.048	46.2686567164
4.0485	46.2686567164
4.049	46.2686567164
4.0495	46.2686567164
4.05	46.2686567164
4.0505	46.2686567164
4.051	46.2686567164
4.0515	46.2686567164
4.052	46.2686567164
4.0525	46.2686567164
4.053	46.2686567164
4.0535	46.2686567164
4.054	46.2686567164
4.0545	46.2686567164
4.055	46.2686567164
4.0555	46.2686567164
4.056	46.2686567164
4.0565	46.2686567164
4.057	46.2686567164
4.0575	46.2686567164
4.058	46.2686567164
4.0585	46.2686567164
4.059	46.2686567164
4.0595	46.2686567164
4.06	46.2686567164
4.0605	46.2686567164
4.061	46.2686567164
4.0615	46.2686567164
4.062	46.2686567164
4.0625	46.2686567164
4.063	46.2686567164
4.0635	46.2686567164
4.064	46.2686567164
4.0645	46.2686567164
4.065	46.2686567164
4.0655	46.2686567164
4.066	46.2686567164
4.0665	46.2686567164
4.067	46.2686567164
4.0675	46.2686567164
4.068	46.2686567164
4.0685	46.2686567164
4.069	46.2686567164
4.0695	46.2686567164
4.07	46.2686567164
4.0705	46.2686567164
4.071	46.2686567164
4.0715	46.2686567164
4.072	46.2686567164
4.0725	46.2686567164
4.073	46.2686567164
4.0735	46.2686567164
4.074	46.2686567164
4.0745	46.2686567164
4.075	46.2686567164
4.0755	46.2686567164
4.076	46.2686567164
4.0765	46.2686567164
4.077	46.2686567164
4.0775	46.2686567164
4.078	46.2686567164
4.0785	46.2686567164
4.079	46.2686567164
